   1.0000000e+00   1.1150000e+03   1.0520000e+03
   2.0000000e+00   1.1780000e+03   1.0000000e+02
   3.0000000e+00   1.1870000e+03   7.0600000e+02
   4.0000000e+00   1.2300000e+02   8.6200000e+02
   5.0000000e+00   1.2340000e+03   1.9460000e+03
   6.0000000e+00   1.2470000e+03   1.9450000e+03
   7.0000000e+00   1.2510000e+03   1.8320000e+03
   8.0000000e+00   1.2560000e+03   6.1000000e+01
   9.0000000e+00   1.2860000e+03   5.2500000e+02
   1.0000000e+01   1.3230000e+03   2.8000000e+02
   1.1000000e+01   1.3800000e+03   9.3900000e+02
   1.2000000e+01   1.3930000e+03   1.3680000e+03
   1.3000000e+01   1.4240000e+03   1.7280000e+03
   1.4000000e+01   1.4290000e+03   1.3400000e+02
   1.5000000e+01   1.6100000e+02   9.0600000e+02
   1.6000000e+01   1.6210000e+03   1.8300000e+03
   1.7000000e+01   1.6250000e+03   1.6510000e+03
   1.8000000e+01   1.7240000e+03   1.6420000e+03
   1.9000000e+01   1.7800000e+02   2.4000000e+01
   2.0000000e+01   1.7870000e+03   1.0090000e+03
   2.1000000e+01   1.7950000e+03   9.6200000e+02
   2.2000000e+01   1.8070000e+03   1.7110000e+03
   2.3000000e+01   1.9000000e+01   6.7400000e+02
   2.4000000e+01   1.9170000e+03   6.8700000e+02
   2.5000000e+01   1.9800000e+02   1.8100000e+03
   2.6000000e+01   2.0970000e+03   9.8100000e+02
   2.7000000e+01   2.1390000e+03   1.8060000e+03
   2.8000000e+01   2.1780000e+03   1.6190000e+03
   2.9000000e+01   2.2000000e+01   9.8700000e+02
   3.0000000e+01   2.2900000e+03   1.8100000e+03
   3.1000000e+01   2.4100000e+02   3.4100000e+02
   3.2000000e+01   2.4210000e+03   1.0070000e+03
   3.3000000e+01   2.4820000e+03   1.1830000e+03
   3.4000000e+01   2.5190000e+03   1.3500000e+02
   3.5000000e+01   2.5200000e+02   1.2400000e+03
   3.6000000e+01   2.5420000e+03   2.3600000e+02
   3.7000000e+01   2.5730000e+03   1.9690000e+03
   3.8000000e+01   2.5730000e+03   5.9900000e+02
   3.9000000e+01   2.5740000e+03   9.4600000e+02
   4.0000000e+01   2.5760000e+03   1.6760000e+03
   4.1000000e+01   2.5860000e+03   1.2860000e+03
   4.2000000e+01   2.5880000e+03   3.0200000e+02
   4.3000000e+01   2.5970000e+03   1.8300000e+03
   4.4000000e+01   2.5990000e+03   9.0100000e+02
   4.5000000e+01   2.6280000e+03   1.4790000e+03
   4.6000000e+01   2.6780000e+03   1.8250000e+03
   4.7000000e+01   2.7160000e+03   1.4320000e+03
   4.8000000e+01   2.7210000e+03   1.4820000e+03
   4.9000000e+01   2.7280000e+03   1.6980000e+03
   5.0000000e+01   2.7400000e+02   1.4200000e+03
   5.1000000e+01   2.8480000e+03   9.6000000e+01
   5.2000000e+01   2.8630000e+03   5.5800000e+02
   5.3000000e+01   2.9360000e+03   3.3700000e+02
   5.4000000e+01   2.9450000e+03   1.6220000e+03
   5.5000000e+01   2.9610000e+03   1.6050000e+03
   5.6000000e+01   2.9800000e+02   1.5130000e+03
   5.7000000e+01   2.9910000e+03   7.9200000e+02
   5.8000000e+01   3.0220000e+03   4.7400000e+02
   5.9000000e+01   3.0850000e+03   1.5280000e+03
   6.0000000e+01   3.1130000e+03   8.8500000e+02
   6.1000000e+01   3.2700000e+02   2.6500000e+02
   6.2000000e+01   3.3730000e+03   1.6460000e+03
   6.3000000e+01   3.3840000e+03   1.4980000e+03
   6.4000000e+01   3.4160000e+03   1.4300000e+02
   6.5000000e+01   3.4470000e+03   1.8300000e+03
   6.6000000e+01   3.4790000e+03   8.2100000e+02
   6.7000000e+01   3.5100000e+03   1.6710000e+03
   6.8000000e+01   3.5200000e+03   1.0790000e+03
   6.9000000e+01   3.6400000e+03   4.3000000e+01
   7.0000000e+01   3.6830000e+03   1.5330000e+03
   7.1000000e+01   3.7560000e+03   8.8200000e+02
   7.2000000e+01   3.7600000e+02   8.2500000e+02
   7.3000000e+01   3.7800000e+02   1.0480000e+03
   7.4000000e+01   3.8150000e+03   1.6900000e+02
   7.5000000e+01   3.8220000e+03   8.9900000e+02
   7.6000000e+01   3.8540000e+03   9.2300000e+02
   7.7000000e+01   3.8740000e+03   1.3180000e+03
   7.8000000e+01   3.8750000e+03   5.9800000e+02
   7.9000000e+01   3.8880000e+03   6.6600000e+02
   8.0000000e+01   3.8930000e+03   1.0200000e+02
   8.1000000e+01   3.9110000e+03   1.6730000e+03
   8.2000000e+01   3.9130000e+03   1.9200000e+02
   8.3000000e+01   3.9500000e+03   1.5580000e+03
   8.4000000e+01   3.9550000e+03   1.7430000e+03
   8.5000000e+01   4.5700000e+02   3.3400000e+02
   8.6000000e+01   4.6300000e+02   1.6700000e+03
   8.7000000e+01   5.3000000e+01   8.5700000e+02
   8.8000000e+01   6.1100000e+02   1.3840000e+03
   8.9000000e+01   6.1100000e+02   6.7300000e+02
   9.0000000e+01   7.3800000e+02   1.3250000e+03
   9.1000000e+01   7.4200000e+02   1.0250000e+03
   9.2000000e+01   7.7600000e+02   3.9200000e+02
   9.3000000e+01   8.3900000e+02   6.2000000e+02
   9.4000000e+01   8.7200000e+02   1.5590000e+03
   9.5000000e+01   8.9000000e+02   1.8460000e+03
   9.6000000e+01   9.2800000e+02   1.7000000e+03
   9.7000000e+01   9.2900000e+02   1.7660000e+03
   9.8000000e+01   9.3800000e+02   9.5500000e+02
   9.9000000e+01   9.5300000e+02   2.6800000e+02
   1.0000000e+02   9.8400000e+02   9.6500000e+02
