Parametros iniciais:
	Taxa de crossover=0.5
	Taxa de mutacao=0.1
	Tamanho da Populacao inicial=100
	Tamanho da Subpopulacao (nao sofrem selecao)=25
	Operador de selecao=Roleta
	Candidatos a crossover=100
	Operador de crossover=OX
	Quantidade de cromossomos nao mutantes (segunda subpopulacao)=25
	Operador de mutacao=Alternativa
	Tamanho populacao corrente=250
	Diversidade minima=0.0
	Numero maximo de geracoes=10000
	Numero de threads=3
	Duracao=186s=3min=0h
Melhor Caminho:
 7 3 9 2 99 92 85 61 19 31 23 87 29 4 15 72 73 35 50 56 25 86 88 90 94 96 97 95 13 12 11 1 100 98 91 89 93 10 8 14 24 21 20 26 41 47 49 54 55 59 65 67 62 63 68 64 69 74 80 82 78 79 71 75 76 77 83 84 81 70 66 60 57 52 58 53 51 34 36 42 38 44 39 32 33 45 48 40 46 43 37 30 27 28 22 16 18 17 6 5
	Fitness=3.954925181828158E-5

Melhores caminhos adquiridos (ordem crescente de fitness):

geracao 0: 15 70 77 65 5 6 61 95 78 79 24 80 35 10 66 96 7 29 84 100 25 14 8 58 16 62 34 57 22 17 26 11 46 47 63 41 2 85 28 43 27 53 83 86 32 44 54 30 59 36 12 37 55 38 56 18 49 67 33 81 19 1 97 88 90 40 91 73 50 98 99 9 42 51 68 60 74 20 89 4 82 93 94 72 3 52 69 92 23 21 31 13 45 48 87 71 39 75 64 76
geracao 1: 33 67 49 59 30 54 44 86 53 27 3 52 69 36 81 84 22 92 23 2 21 10 16 31 13 19 55 45 48 43 87 96 71 39 75 37 38 64 17 20 50 29 65 76 18 24 61 93 12 60 77 94 95 97 85 73 32 98 63 40 66 78 46 99 72 1 4 74 88 89 91 90 15 35 56 7 6 79 5 80 82 42 68 70 9 83 51 100 25 14 8 58 62 34 57 26 11 47 41 28
geracao 2: 33 67 49 59 30 54 44 86 53 27 3 52 69 36 81 84 22 92 23 2 21 10 16 31 13 19 55 45 48 43 87 96 29 50 20 17 64 38 37 75 39 71 65 76 18 24 61 93 12 60 77 94 95 97 85 73 32 98 63 40 66 78 46 99 72 1 4 74 88 89 91 90 15 35 56 7 6 79 5 80 82 42 68 70 9 83 51 100 25 14 8 58 62 34 57 26 11 47 41 28
geracao 3: 71 65 76 61 77 94 85 73 36 98 59 63 12 95 32 1 97 86 25 100 93 74 50 42 60 49 90 88 14 8 34 26 11 47 27 22 92 2 10 16 13 45 43 99 23 5 6 7 18 19 20 24 30 31 37 38 78 62 41 40 66 46 72 4 89 91 15 35 56 79 80 82 68 70 9 83 51 58 57 28 33 67 54 44 53 3 52 69 81 84 21 55 48 87 96 29 17 64 75 39
geracao 4: 27 48 87 96 10 2 92 22 36 69 52 13 16 29 50 17 71 65 76 61 93 12 60 77 94 95 97 85 73 32 98 63 40 59 1 86 25 100 74 42 49 45 43 99 23 5 6 7 18 19 20 24 30 31 37 38 78 62 41 54 66 46 72 4 89 91 15 35 56 79 80 82 68 70 9 83 51 58 57 28 33 67 44 53 3 39 75 64 55 21 84 81 90 88 14 8 34 26 11 47
geracao 5: 27 52 69 36 22 92 2 10 96 87 48 13 16 29 50 17 71 65 76 61 93 98 32 73 85 97 95 94 77 60 12 63 40 59 1 86 25 100 74 42 49 45 43 99 23 5 6 7 18 19 20 24 30 31 37 38 78 62 41 54 66 46 72 4 89 91 15 35 56 79 80 82 68 70 9 83 51 58 57 28 33 67 44 53 3 39 75 64 55 21 84 81 90 88 14 8 34 26 11 47
geracao 6: 26 34 8 14 10 2 92 22 36 69 52 13 16 29 50 17 71 65 76 61 93 12 60 77 94 95 97 85 73 32 98 63 40 59 1 86 25 100 74 42 49 45 43 99 23 5 6 7 18 19 20 24 30 31 37 38 78 62 41 54 66 46 72 4 89 91 15 35 56 79 80 82 68 70 9 83 51 58 57 28 33 67 44 53 3 39 75 64 55 21 84 81 90 88 96 87 48 27 47 11
geracao 7: 36 50 90 88 14 8 34 26 11 47 27 22 92 2 10 16 13 61 93 12 60 77 94 95 97 85 73 32 98 63 40 59 1 52 69 86 25 100 74 42 49 45 43 99 23 5 6 7 18 19 20 24 30 31 37 38 78 62 41 54 66 46 72 4 89 91 15 35 56 79 80 82 68 70 9 3 53 44 67 33 28 57 58 51 83 39 81 84 21 55 48 87 96 29 17 64 75 71 65 76
geracao 8: 71 17 50 94 95 97 85 73 32 98 63 59 1 86 25 100 74 42 60 49 90 88 2 92 22 13 16 10 14 8 34 26 11 47 27 45 43 40 75 64 52 69 36 99 31 30 24 20 19 18 7 6 5 23 37 38 78 62 41 54 66 46 72 4 89 91 15 35 56 79 80 82 68 70 9 3 53 44 67 33 28 57 58 51 83 39 81 84 21 55 48 87 96 29 77 12 93 61 76 65
geracao 9: 97 95 94 50 17 71 65 76 32 98 63 59 1 86 25 100 74 42 60 49 90 88 2 92 22 13 16 10 14 8 34 26 11 47 27 45 43 40 75 64 52 69 36 99 23 5 6 7 18 19 20 24 30 31 37 38 78 62 41 54 66 46 72 4 89 91 15 35 56 79 80 82 68 70 9 3 53 44 67 33 28 57 58 51 83 39 81 84 21 55 48 87 96 29 77 12 93 61 73 85
geracao 10: 12 60 77 94 95 97 85 73 32 98 63 59 49 42 74 100 25 86 1 15 35 56 2 92 22 13 16 10 14 8 34 26 11 47 27 45 43 40 75 64 52 69 36 99 23 5 6 7 18 19 20 24 30 31 37 38 78 62 41 54 66 46 72 4 89 91 3 9 70 68 82 80 79 53 44 67 33 28 57 58 51 83 39 81 84 21 55 48 87 96 29 88 90 50 76 65 71 17 61 93
geracao 12: 97 95 94 77 60 12 93 61 32 98 63 59 49 42 74 100 25 86 1 15 35 56 2 92 22 13 26 34 8 14 10 16 11 47 27 45 43 40 75 64 52 69 36 99 23 5 6 7 18 19 20 24 30 31 37 38 78 62 41 54 66 46 72 4 89 91 3 9 70 68 82 80 79 53 44 67 33 28 57 58 51 83 39 81 84 21 55 48 17 71 65 76 50 90 88 29 96 87 73 85
geracao 13: 77 60 12 63 59 49 74 79 80 82 68 70 53 44 67 100 25 86 1 15 35 56 2 92 22 13 16 10 14 8 11 47 27 45 43 40 75 64 52 69 36 99 23 5 6 7 18 19 20 24 30 31 37 38 78 62 41 54 66 46 72 4 89 91 3 9 33 28 57 58 51 83 39 81 84 21 42 55 48 76 65 71 17 29 96 87 50 85 73 32 98 93 61 26 34 88 90 97 95 94
geracao 14: 77 60 12 63 59 49 74 79 80 82 68 70 53 44 67 100 25 86 1 15 35 56 2 92 22 13 16 10 14 8 11 47 27 45 43 40 75 64 52 69 36 99 23 5 6 7 18 19 20 24 30 31 37 38 78 62 41 54 66 46 72 4 89 91 3 9 33 42 21 84 81 39 83 51 58 57 28 55 48 76 65 71 17 29 96 87 50 85 73 32 98 93 61 26 34 88 90 97 95 94
geracao 15: 77 60 12 63 59 49 74 100 25 86 1 15 35 56 2 92 22 13 16 10 14 8 11 47 27 45 43 40 75 64 52 69 36 30 24 20 19 18 7 6 5 23 99 31 37 38 78 70 68 82 80 79 53 44 67 62 41 54 66 46 72 4 89 91 3 9 33 28 57 58 51 83 39 81 84 21 42 55 48 76 65 71 17 29 96 87 50 90 88 34 26 61 93 98 32 73 85 97 95 94
geracao 16: 86 1 15 35 56 2 92 22 13 16 10 14 8 11 47 27 45 43 40 75 64 52 69 36 26 34 98 32 73 63 59 49 74 30 24 20 19 18 7 6 5 23 99 31 37 38 78 70 68 82 80 79 53 44 67 62 41 54 66 46 72 4 89 91 3 9 33 28 57 58 51 83 39 81 84 21 42 55 48 76 65 71 17 29 87 96 88 90 50 61 93 12 60 77 94 95 97 85 100 25
geracao 17: 86 1 15 35 56 2 92 22 13 16 10 14 8 11 47 27 45 43 40 75 64 52 69 36 26 34 98 32 73 63 59 49 74 30 24 20 19 18 7 6 5 23 99 31 37 38 78 70 68 82 80 79 53 44 67 62 41 54 28 33 9 3 91 89 4 72 46 66 57 58 51 83 39 81 84 21 42 55 48 76 65 71 17 29 87 96 88 90 50 61 93 12 60 77 94 95 97 85 100 25
geracao 18: 98 100 25 86 1 15 35 56 2 92 22 13 16 10 14 8 34 26 11 47 27 45 43 40 75 64 52 69 36 63 59 49 74 30 24 20 19 18 7 6 5 23 99 31 37 68 82 80 79 53 44 67 62 41 54 66 46 72 4 89 91 3 9 33 28 57 58 51 83 39 81 84 21 42 55 48 17 71 65 76 50 90 88 29 96 87 73 85 97 95 94 38 78 70 77 60 12 93 61 32
geracao 19: 12 100 25 86 1 15 35 56 2 92 22 13 16 10 14 8 34 26 11 47 27 45 43 40 75 64 52 69 36 74 30 24 20 19 18 7 6 5 23 99 31 37 68 62 42 38 78 70 77 60 82 80 79 53 44 67 41 54 66 46 72 4 89 91 3 9 33 28 57 58 51 83 39 81 84 21 55 48 76 65 71 17 29 96 87 50 85 90 88 73 97 95 94 49 59 63 98 32 61 93
geracao 20: 56 35 15 1 86 25 100 98 32 92 22 13 16 10 14 8 34 26 11 47 27 45 43 40 75 64 52 69 36 63 59 49 74 30 24 20 19 18 7 6 5 23 99 31 37 68 82 80 79 53 44 67 62 41 54 66 46 58 57 28 33 9 3 91 89 4 72 51 83 39 81 84 21 42 55 48 76 65 71 17 90 50 88 29 96 87 73 85 97 95 94 38 78 70 77 60 12 93 61 2
geracao 21: 92 22 13 16 10 14 8 11 26 34 47 27 45 43 40 88 95 94 49 59 63 60 77 74 81 84 21 42 75 64 52 69 36 30 31 99 23 5 6 7 18 19 20 24 37 38 78 70 68 82 80 79 53 44 67 62 41 54 28 33 9 3 91 89 4 72 46 66 57 58 51 83 39 55 48 76 65 71 17 29 96 87 50 90 97 85 73 32 98 93 61 12 100 25 86 1 15 35 56 2
geracao 22: 28 33 9 3 91 89 4 72 2 92 22 13 16 10 14 8 34 26 11 47 27 45 43 40 75 64 52 69 36 63 59 49 74 30 24 20 19 18 7 6 5 23 99 31 37 68 82 80 79 53 44 67 62 41 54 66 46 58 51 57 42 38 78 70 77 60 83 39 81 84 21 55 48 76 65 71 17 29 96 87 50 85 90 88 73 97 95 94 98 32 61 93 12 100 25 86 1 15 35 56
geracao 23: 100 12 93 92 22 13 16 10 14 8 34 26 11 47 27 45 42 43 5 6 7 20 24 30 18 19 23 99 31 41 62 67 44 53 79 80 82 68 37 54 66 46 72 4 89 91 3 9 33 28 57 58 51 38 78 70 77 60 36 69 83 39 49 74 59 63 40 75 64 52 76 65 71 81 84 21 55 48 17 29 96 87 50 85 90 88 73 97 95 94 98 32 61 2 56 35 15 1 86 25
geracao 24: 22 13 16 10 14 8 11 26 34 47 27 45 43 40 49 59 63 74 75 64 52 69 30 24 20 19 36 18 7 6 5 23 99 31 37 68 82 80 79 53 44 67 62 41 33 9 3 91 89 4 72 46 28 57 58 51 83 39 21 55 48 73 32 42 38 78 70 77 60 66 54 84 81 76 65 71 17 29 96 87 50 85 90 88 97 95 94 98 93 61 12 100 25 86 1 15 35 56 2 92
geracao 25: 22 13 16 10 14 8 11 26 34 47 27 45 43 40 49 59 63 74 75 64 52 69 30 24 20 19 36 18 7 6 5 23 99 31 37 68 82 80 79 53 44 67 62 41 33 9 3 91 89 4 72 46 28 57 58 51 83 39 21 55 48 73 32 42 38 78 70 77 60 66 54 84 81 76 65 71 17 29 96 87 50 85 90 88 97 95 94 98 93 61 92 2 56 35 15 1 86 25 100 12
geracao 26: 92 2 72 4 89 91 3 9 33 28 22 13 16 10 14 8 34 26 11 47 27 45 43 40 75 64 52 69 36 63 59 49 74 30 24 20 19 18 7 6 5 23 99 31 37 54 41 62 67 44 53 79 80 82 68 66 46 58 51 57 42 38 78 39 83 84 81 70 77 60 21 55 48 76 65 71 17 29 96 87 50 85 90 88 73 97 95 94 98 32 61 93 12 100 25 86 1 15 35 56
geracao 27: 22 13 16 10 14 8 11 26 34 47 27 45 43 40 49 59 63 74 75 64 52 69 30 24 20 19 36 18 7 6 5 23 99 31 37 54 41 62 67 44 53 79 80 82 68 66 46 58 51 57 42 38 78 39 83 84 81 70 77 60 21 55 48 76 65 71 17 73 32 72 4 89 91 3 9 33 28 29 96 87 50 85 90 88 97 95 94 98 93 61 92 2 56 35 15 1 86 25 100 12
geracao 28: 25 86 1 15 14 8 11 26 34 47 27 45 43 40 49 59 63 20 24 30 18 19 23 99 31 41 54 37 68 82 80 79 53 44 60 77 70 78 38 51 58 57 62 67 46 83 55 21 39 48 66 84 81 76 65 71 74 75 64 52 69 36 42 5 6 7 17 73 32 72 4 89 91 3 9 33 28 29 96 87 50 85 90 88 97 95 94 98 93 61 92 2 56 35 10 16 13 22 12 100
geracao 30: 25 86 1 15 14 8 11 26 34 47 27 45 43 40 49 59 63 20 24 30 18 19 23 99 31 41 54 37 68 82 80 79 53 44 60 77 70 78 38 51 58 57 62 67 46 83 55 21 39 48 66 84 81 76 65 71 74 75 64 52 69 36 42 5 6 7 17 73 32 96 29 28 33 9 3 91 89 4 72 87 50 85 90 88 97 95 94 98 93 61 92 2 56 35 10 16 13 22 12 100
geracao 31: 25 86 1 15 14 8 11 26 34 47 27 45 43 40 49 59 63 20 24 30 18 19 23 99 31 41 54 37 68 82 80 79 53 44 60 77 70 78 38 51 58 57 62 67 46 83 55 21 39 48 66 84 81 76 65 71 74 75 64 52 69 36 42 5 6 7 17 73 29 28 33 9 3 91 89 4 72 32 96 87 50 85 2 92 61 93 98 94 95 97 88 90 56 35 10 16 13 22 12 100
geracao 32: 22 13 16 10 14 8 11 26 34 47 27 45 43 40 49 59 63 74 75 64 52 69 30 41 54 37 68 82 80 79 53 44 60 77 70 78 38 51 58 57 62 67 46 83 55 21 39 48 66 84 81 76 65 71 36 42 5 6 7 17 28 33 9 3 91 31 99 23 19 18 24 20 89 4 72 32 73 29 96 87 50 85 2 92 61 93 98 94 95 97 88 90 56 35 15 1 86 25 100 12
geracao 33: 22 13 16 10 14 8 11 26 34 47 27 45 43 40 49 59 63 74 75 64 52 69 30 41 54 37 68 82 80 79 53 44 60 77 70 78 38 51 58 57 62 67 46 83 55 21 39 48 66 84 81 76 65 71 36 42 5 6 7 17 28 33 9 3 91 31 99 23 19 18 24 20 89 4 72 32 73 29 94 98 93 61 92 2 85 50 87 96 95 97 88 90 56 35 15 1 86 25 100 12
geracao 34: 22 13 16 10 14 8 11 26 34 47 27 45 43 40 49 59 63 74 75 64 79 80 82 68 37 54 41 30 69 52 53 44 60 77 70 78 38 51 58 57 62 67 46 83 55 21 39 48 66 84 81 76 65 71 36 42 5 6 7 17 28 33 9 3 91 31 99 23 19 18 24 20 89 4 72 32 73 29 96 87 50 85 2 92 61 93 98 94 95 97 88 90 56 35 15 1 86 25 100 12
geracao 35: 22 13 16 10 14 8 11 26 34 47 27 45 43 40 49 59 63 74 75 64 52 69 30 41 54 37 68 82 80 79 53 44 60 77 70 78 38 51 58 57 62 67 46 65 76 81 84 66 48 39 21 55 83 71 36 42 5 6 7 17 28 33 9 3 91 89 4 72 20 32 24 18 19 23 99 31 73 29 96 87 50 85 2 92 61 93 98 94 95 97 88 90 56 35 15 1 86 25 100 12
geracao 36: 22 13 16 10 14 8 11 26 34 47 27 45 43 40 49 59 63 68 37 54 41 30 69 52 64 75 74 82 80 79 53 44 60 77 70 78 38 51 58 57 62 67 46 65 76 81 84 66 48 39 21 55 83 71 36 42 5 6 7 17 28 33 9 3 91 89 4 72 20 96 29 73 31 99 23 19 18 24 32 87 50 85 2 92 61 93 98 94 95 97 88 90 56 35 15 1 86 25 100 12
geracao 37: 22 13 16 10 14 8 11 26 34 47 27 45 43 40 49 59 63 74 75 64 52 69 30 41 54 37 68 82 80 79 53 44 60 77 70 78 38 51 58 57 62 67 46 65 71 83 55 21 39 48 66 84 81 76 36 42 5 6 7 17 28 33 9 3 91 89 4 72 20 32 24 18 19 23 99 31 73 29 96 87 50 85 2 92 61 15 35 56 90 88 97 95 94 98 93 1 86 25 100 12
geracao 38: 22 13 16 10 14 8 11 26 34 47 27 45 43 40 49 59 63 68 37 54 41 30 69 52 64 75 74 82 80 79 53 44 60 77 70 78 38 51 58 57 62 67 46 65 76 81 84 66 48 39 21 55 83 71 36 42 5 6 7 17 28 33 9 3 91 89 4 72 20 32 24 18 19 23 99 61 92 2 85 50 87 96 29 73 31 93 98 94 95 97 88 90 56 35 15 1 86 25 100 12
geracao 39: 22 13 16 10 14 8 11 26 34 47 27 45 43 40 49 59 63 68 37 54 41 30 69 52 64 75 74 82 80 79 53 44 60 77 70 78 38 51 58 57 62 67 46 65 76 81 84 66 48 39 21 55 83 71 36 42 5 6 7 17 28 33 9 3 91 89 4 72 20 32 24 18 96 87 50 85 2 92 61 99 23 19 29 73 31 93 98 94 95 97 88 90 56 35 15 1 86 25 100 12
geracao 41: 22 13 16 10 14 8 11 26 34 47 27 45 43 40 49 59 63 68 37 54 41 30 69 52 64 75 74 82 80 79 53 44 60 46 67 62 57 58 51 38 78 70 77 65 76 81 84 66 48 39 21 55 83 71 36 42 5 6 7 17 28 32 20 72 4 50 87 96 18 24 33 9 3 91 89 85 2 92 61 99 23 19 29 73 31 93 98 94 95 97 88 90 56 35 15 1 86 25 100 12
geracao 42: 22 13 16 10 14 8 11 26 34 47 27 45 43 40 49 59 63 68 37 54 41 30 44 53 79 75 64 52 69 60 77 70 78 80 82 74 38 51 58 57 62 67 46 65 76 81 84 66 48 39 21 55 83 71 36 42 5 6 7 17 28 33 9 3 87 96 18 24 32 20 72 4 89 91 50 85 2 92 61 99 23 19 29 73 31 15 35 56 90 88 97 95 94 98 93 1 86 25 100 12
geracao 43: 22 13 16 10 14 8 11 26 34 47 27 45 43 40 49 59 63 68 37 54 41 30 69 52 64 75 78 70 77 60 44 53 79 80 82 74 38 51 58 57 62 67 55 21 39 48 66 84 81 76 65 46 83 71 36 42 20 32 24 18 33 28 17 7 6 5 72 4 89 91 3 9 19 23 99 61 92 2 85 50 87 96 29 73 31 93 98 94 95 97 88 90 56 35 15 1 86 25 100 12
geracao 44: 22 13 16 10 14 8 11 26 34 47 27 45 43 40 49 59 63 68 37 54 41 30 44 53 79 75 64 52 69 60 77 70 78 80 82 74 38 51 58 57 62 67 46 65 76 81 84 66 48 39 21 55 83 71 36 42 5 6 7 17 28 33 9 3 87 96 18 24 32 20 72 4 89 91 73 29 19 23 99 61 92 2 85 50 31 15 35 56 25 86 1 93 98 94 95 97 88 90 100 12
geracao 45: 22 13 16 10 14 8 11 26 34 47 27 45 43 40 49 59 63 68 37 54 41 30 44 53 79 75 64 52 69 60 77 70 78 80 82 74 38 51 58 57 62 67 46 65 76 81 84 66 48 39 21 55 83 71 36 42 5 6 7 17 28 33 9 3 91 50 87 96 18 24 32 20 72 4 89 85 2 92 61 99 23 19 29 73 31 15 35 56 90 88 97 95 94 98 93 1 86 25 100 12
geracao 46: 1 93 98 10 14 8 11 26 34 47 27 45 43 40 49 59 63 68 37 54 41 30 44 53 79 75 64 52 69 60 77 70 78 80 82 74 38 51 58 57 62 67 46 65 76 81 84 66 48 39 21 55 83 71 36 42 5 6 7 17 28 33 9 3 91 50 87 96 18 24 32 20 72 4 89 85 2 92 61 99 23 19 29 73 31 15 35 56 90 88 97 95 94 16 13 22 12 100 25 86
geracao 47: 8 11 26 34 47 5 6 7 17 28 27 45 43 40 49 59 63 68 37 54 41 30 44 53 79 75 64 52 69 60 77 70 78 80 82 74 38 51 58 57 62 67 46 65 76 81 84 66 48 39 21 55 83 71 36 42 20 32 24 18 33 9 3 91 50 87 96 72 4 89 85 2 92 61 99 23 19 29 73 31 15 35 56 90 88 97 95 94 98 93 1 86 25 100 12 22 13 16 10 14
geracao 48: 10 14 8 11 26 20 32 24 34 37 68 63 59 49 47 27 45 43 40 54 41 30 44 53 79 75 64 38 74 82 80 78 70 77 60 69 52 51 58 57 62 67 55 21 39 48 66 84 81 76 65 46 83 71 36 42 33 28 17 18 7 6 5 72 4 89 91 3 9 19 23 99 61 92 2 85 50 87 96 29 73 31 15 35 56 90 88 97 95 94 16 13 22 12 100 25 86 1 93 98
geracao 49: 8 11 26 34 47 5 6 7 17 28 27 45 43 40 49 59 63 68 37 54 41 30 44 53 38 51 58 57 60 69 52 64 75 79 74 82 80 78 70 77 62 67 46 65 76 81 84 66 48 39 21 55 83 71 36 42 20 32 24 18 33 9 3 91 50 87 96 72 4 89 85 2 92 61 99 23 19 29 73 31 15 35 56 90 88 97 95 94 98 93 1 86 25 100 12 22 13 16 10 14
geracao 52: 10 14 8 11 26 20 32 24 34 37 68 63 59 49 47 27 45 43 40 54 41 30 44 53 79 75 64 52 69 60 77 70 78 80 82 74 38 51 58 57 76 81 84 66 48 39 42 36 71 83 46 65 62 67 55 21 33 28 17 18 7 6 5 72 4 89 91 3 9 19 23 99 61 92 2 85 50 87 96 29 73 31 15 35 56 90 88 97 95 94 16 13 22 12 100 25 86 1 93 98
geracao 53: 10 14 8 11 26 20 32 24 34 37 68 63 59 49 47 27 45 43 40 54 41 30 44 53 79 75 64 52 69 60 77 70 78 80 82 74 38 51 58 57 76 81 84 66 48 55 67 62 65 46 83 71 36 42 39 21 33 28 17 18 7 6 5 72 4 89 91 3 9 19 23 99 61 92 2 85 50 87 96 29 73 31 15 35 56 90 88 97 95 94 16 13 22 12 100 25 86 1 93 98
geracao 55: 10 14 8 11 26 47 27 45 43 40 49 59 63 68 37 54 41 30 44 53 38 51 58 57 60 69 52 64 75 79 74 82 80 78 70 77 62 67 46 65 76 81 84 66 48 39 55 83 71 36 42 20 32 24 34 21 33 28 17 18 7 6 5 72 4 89 91 3 9 19 23 99 61 92 2 85 50 87 96 29 73 31 15 35 56 90 88 97 95 94 16 13 22 12 100 25 86 1 93 98
geracao 56: 10 14 8 11 26 47 27 45 43 40 49 59 63 68 37 54 41 30 44 53 58 57 60 69 52 64 75 79 78 70 77 76 81 84 20 32 24 34 51 38 74 82 80 66 48 55 67 62 65 46 83 71 36 42 39 21 33 28 17 18 7 6 5 72 4 89 91 3 9 19 23 99 61 92 2 85 50 87 96 29 73 31 15 35 56 90 88 97 95 94 16 13 22 12 100 25 86 1 93 98
geracao 58: 10 14 8 11 26 47 49 59 63 68 37 27 45 43 40 54 41 30 44 53 69 60 57 58 51 38 52 64 75 79 74 82 80 78 70 77 76 81 84 66 20 32 24 34 48 55 67 62 65 46 83 71 36 42 39 21 33 28 17 18 7 6 5 72 4 89 91 3 9 19 23 99 61 92 2 85 50 87 96 29 73 31 15 35 56 90 88 97 95 94 16 13 22 12 100 25 86 1 93 98
geracao 59: 10 14 8 11 26 47 49 59 63 68 37 27 45 43 40 54 41 30 44 53 69 60 57 58 51 38 52 64 75 79 74 82 80 78 70 77 76 81 84 66 20 32 24 34 48 55 67 62 65 46 83 71 36 42 39 21 33 28 17 18 7 6 5 72 4 89 91 3 9 19 23 73 29 96 87 50 85 2 92 61 99 31 15 35 56 90 88 97 95 94 16 13 22 12 100 25 86 1 93 98
geracao 60: 10 14 8 11 26 47 49 59 63 68 37 27 45 43 40 54 41 30 44 53 69 60 57 58 51 38 52 64 75 79 74 82 80 78 70 77 76 81 84 66 20 32 24 34 42 36 71 83 46 65 62 67 55 48 39 21 33 28 17 18 7 6 5 72 4 89 91 3 9 19 23 99 61 92 2 85 50 87 96 29 73 31 15 35 56 90 88 97 95 94 16 13 22 12 100 25 86 1 93 98
geracao 62: 10 14 8 11 26 47 49 59 63 68 37 27 45 43 40 54 41 30 44 53 79 75 64 52 38 51 58 57 60 69 74 82 80 78 70 77 76 81 84 66 20 32 24 34 42 36 71 83 46 65 62 67 55 48 39 21 33 28 17 18 7 6 5 72 4 89 91 3 9 19 23 61 92 2 85 50 87 96 29 73 99 31 15 35 56 90 88 97 95 94 16 13 22 12 100 25 86 1 93 98
geracao 64: 10 14 8 11 26 47 49 59 63 68 37 27 45 43 40 54 41 30 44 53 79 75 64 52 38 51 58 57 60 69 74 82 80 78 70 77 76 81 84 66 20 32 24 34 42 36 71 83 46 65 62 67 55 48 39 21 33 28 17 18 7 6 5 72 4 89 91 3 9 19 23 73 29 96 87 50 85 2 92 61 99 31 15 35 56 90 88 86 25 100 12 22 13 16 94 95 97 1 93 98
geracao 65: 10 14 8 11 26 47 49 59 63 68 37 27 45 43 40 54 41 30 44 53 79 75 64 52 38 51 58 57 60 69 74 82 80 78 70 77 76 81 84 66 20 32 24 34 42 36 71 83 46 65 62 67 55 48 39 21 33 28 17 18 7 6 5 72 4 89 91 3 9 19 23 73 29 96 87 85 2 92 61 99 31 15 35 56 50 90 88 97 95 94 16 13 22 12 100 25 86 1 93 98
geracao 66: 10 14 8 11 26 47 49 59 63 68 37 27 45 43 40 54 41 30 44 53 69 60 57 58 51 38 52 64 75 79 74 82 80 78 70 77 76 71 36 42 34 24 32 20 66 84 81 83 46 65 62 67 55 48 39 21 33 28 17 18 7 6 5 72 4 89 85 2 92 61 99 23 19 9 3 91 50 87 96 29 73 31 15 35 56 90 88 97 95 94 16 13 22 12 100 25 86 1 93 98
geracao 67: 10 14 8 11 26 47 49 59 63 68 37 27 45 43 40 54 41 30 44 53 69 60 57 58 51 38 52 64 75 79 74 82 80 78 70 77 76 71 36 42 34 24 32 20 48 55 67 62 65 46 83 81 84 66 39 21 33 28 17 18 7 6 5 72 4 89 91 3 9 19 23 73 29 96 87 85 2 92 61 99 31 15 35 56 50 90 88 97 95 94 16 13 22 12 100 25 86 1 93 98
geracao 68: 10 14 8 11 26 47 49 59 63 68 37 27 45 43 40 54 41 30 44 53 79 75 64 52 38 51 58 57 60 69 74 82 80 78 70 77 76 71 36 42 34 24 32 20 48 55 67 62 65 46 83 81 84 66 39 21 33 28 17 18 7 6 5 72 4 89 91 3 9 19 99 61 92 2 85 87 96 29 73 23 31 15 35 56 50 90 88 97 95 94 16 13 22 12 100 25 86 1 93 98
geracao 70: 10 14 8 11 26 47 49 59 63 68 37 27 45 43 40 54 41 30 44 53 69 60 57 58 51 38 52 64 71 76 77 70 78 80 82 74 79 75 83 81 84 66 20 32 24 34 42 36 46 65 62 67 55 48 39 21 33 28 17 18 7 6 5 72 4 89 91 3 9 19 23 73 29 96 87 85 2 92 61 99 31 15 35 56 50 90 88 86 25 100 12 22 13 16 94 95 97 1 93 98
geracao 71: 10 14 8 11 26 47 49 59 63 68 37 27 45 43 40 54 41 30 44 53 69 60 57 58 51 38 52 64 75 79 74 82 80 78 70 77 76 71 36 42 34 24 32 20 66 84 81 83 46 65 62 67 55 48 39 21 33 28 17 18 7 6 5 72 4 89 91 3 9 19 23 87 85 31 15 35 56 90 88 50 61 92 2 99 73 29 96 97 95 94 16 13 22 12 100 25 86 1 93 98
geracao 72: 10 14 8 11 26 47 49 59 63 68 37 27 45 43 40 54 41 30 44 53 69 60 57 58 51 38 52 64 71 76 77 70 78 80 82 74 79 75 83 81 84 66 67 62 65 46 36 42 34 24 32 20 55 48 39 21 33 28 17 18 7 6 5 72 31 85 87 23 19 9 3 91 89 4 15 35 56 90 88 50 61 92 2 99 73 29 96 97 95 94 16 13 22 12 100 25 86 1 93 98
geracao 73: 10 14 8 11 26 47 49 59 63 68 37 27 45 43 40 54 41 30 44 53 69 60 57 58 51 38 52 64 71 76 77 70 78 80 82 74 79 75 83 81 84 66 36 42 34 24 32 20 46 65 62 67 55 48 39 21 33 28 17 18 7 6 5 72 4 89 91 3 9 19 23 87 85 31 15 35 56 90 88 50 61 92 2 99 73 29 96 97 95 94 16 13 22 12 100 25 86 1 93 98
geracao 74: 10 14 8 11 26 47 49 59 63 68 37 27 45 43 40 54 41 30 44 53 69 60 57 58 51 38 52 64 71 76 77 84 81 83 75 79 74 82 80 78 70 66 36 42 34 24 32 20 46 65 62 67 55 48 39 21 33 28 17 18 7 6 5 72 4 89 91 3 9 19 23 87 85 31 15 35 56 90 88 50 61 92 2 99 73 29 96 97 95 94 16 13 22 12 100 25 86 1 93 98
geracao 75: 10 14 8 11 26 47 49 59 63 68 37 27 45 43 40 54 41 30 44 53 69 60 57 58 51 38 52 64 71 76 77 70 78 80 82 74 79 75 83 81 84 66 36 42 34 24 32 20 46 65 62 67 55 48 39 21 33 28 17 18 7 6 5 72 31 85 87 23 19 9 3 91 89 4 15 73 99 2 92 61 50 88 90 56 35 29 96 97 95 94 16 13 22 12 100 25 86 1 93 98
geracao 76: 10 14 8 11 26 47 49 59 63 68 37 27 45 43 40 54 41 30 44 53 69 60 57 58 51 38 52 64 71 76 77 70 78 80 82 74 79 75 83 81 84 66 36 42 34 24 21 39 48 55 67 62 65 46 20 32 33 28 17 18 7 6 5 72 31 85 87 23 19 9 3 91 89 4 15 73 99 2 92 61 50 88 90 56 35 29 96 97 95 94 16 13 22 12 100 25 86 1 93 98
geracao 77: 10 14 8 11 26 47 54 40 43 45 27 37 68 63 59 49 41 30 44 53 69 60 57 58 51 38 52 64 71 76 77 70 78 80 82 74 79 75 83 81 84 66 36 42 34 24 21 39 48 55 67 62 65 46 20 32 33 28 17 18 7 6 5 72 31 85 87 23 19 9 3 91 89 4 15 73 99 2 92 61 50 88 90 56 35 29 96 97 95 94 16 13 22 12 100 25 86 1 93 98
geracao 78: 10 14 8 11 26 47 49 59 63 68 37 27 45 43 40 54 41 30 44 53 69 60 57 58 51 38 52 64 71 76 78 80 82 74 79 75 83 81 84 77 70 66 36 42 34 24 21 39 48 55 67 62 65 46 20 32 33 28 17 18 7 6 5 72 4 89 91 3 9 19 23 87 85 31 15 73 99 2 92 61 50 88 90 56 35 29 96 97 95 94 16 13 22 12 100 25 86 1 93 98
geracao 79: 10 14 8 11 26 47 49 59 63 68 37 27 45 43 40 54 41 30 44 53 69 60 57 58 51 38 52 64 71 76 78 80 82 74 79 75 83 81 84 77 70 66 36 42 34 24 21 39 48 55 67 62 65 46 20 32 33 28 17 18 7 6 5 72 4 89 91 3 9 19 61 92 2 99 73 15 31 85 87 23 50 88 90 56 35 29 96 97 95 94 16 13 22 12 100 25 86 1 93 98
geracao 82: 10 14 8 11 26 47 49 59 63 68 37 27 45 43 40 54 41 30 44 53 69 60 57 58 51 38 52 64 71 76 78 80 82 74 79 75 83 81 84 77 70 66 36 42 34 24 21 39 48 55 67 62 65 46 20 32 33 28 17 18 7 6 5 72 4 89 91 3 9 19 61 92 2 99 73 15 29 35 56 90 88 50 23 87 85 31 96 97 95 94 16 13 22 12 100 25 86 1 93 98
geracao 83: 10 14 8 11 26 47 49 59 63 68 37 27 45 43 40 54 41 30 44 53 69 60 57 58 51 38 52 64 71 79 74 82 80 78 76 75 83 81 84 77 70 66 36 42 34 24 21 39 48 55 67 62 65 46 20 32 33 28 17 18 7 6 5 72 4 89 91 3 9 19 61 92 2 99 73 15 31 85 87 23 50 88 90 56 35 29 96 97 95 94 16 13 22 12 100 25 86 1 93 98
geracao 84: 10 14 8 11 26 47 49 59 63 68 37 27 45 43 40 54 41 30 44 53 69 60 57 58 51 38 52 64 71 79 74 82 80 78 76 75 83 81 84 77 70 66 36 42 34 24 21 39 48 55 67 62 65 46 20 32 33 28 17 18 7 6 5 89 91 3 9 99 73 15 4 72 19 2 92 61 31 85 87 23 50 88 90 56 35 29 96 97 95 94 16 13 22 12 100 25 86 1 93 98
geracao 85: 10 14 8 11 26 47 54 40 43 45 27 37 68 63 59 49 41 30 44 53 69 60 57 58 51 38 52 64 71 79 74 82 80 78 76 75 83 81 84 77 70 66 36 42 34 24 21 39 48 55 67 62 65 46 20 32 33 28 17 18 7 6 5 72 4 89 91 3 9 92 2 99 73 15 87 85 31 61 19 23 50 88 90 56 35 29 96 97 95 94 16 13 22 12 100 25 86 1 93 98
geracao 89: 10 14 8 11 26 47 54 40 43 45 27 37 68 63 59 49 41 30 44 53 69 60 57 58 51 38 52 64 71 79 74 82 80 78 76 75 83 81 84 77 70 66 36 42 34 24 21 39 48 55 67 62 65 46 20 32 33 28 17 18 7 6 5 72 4 87 15 73 99 2 92 9 3 91 89 85 31 61 19 23 50 88 90 56 35 29 96 97 95 94 16 13 22 12 100 25 86 1 93 98
geracao 91: 10 14 8 11 26 47 54 41 49 59 63 68 37 27 45 43 40 30 44 53 69 60 57 58 51 38 52 64 71 79 74 82 80 78 76 75 83 81 84 77 70 66 36 42 34 24 21 39 48 55 67 62 65 46 20 32 33 28 17 18 7 6 5 72 4 87 15 73 99 2 92 9 3 91 89 85 31 61 19 23 50 88 90 56 35 29 96 97 95 94 16 13 22 12 100 25 86 1 93 98
geracao 93: 10 14 8 11 26 47 54 43 45 27 37 68 63 59 49 41 40 30 44 53 79 71 64 52 38 51 58 57 60 69 74 82 80 78 76 75 83 81 84 77 70 66 36 42 34 24 21 39 48 55 67 62 65 46 20 32 33 28 17 18 7 6 5 72 4 87 15 73 99 2 92 9 3 91 89 85 31 61 19 23 50 88 90 56 35 29 25 100 12 22 13 16 94 95 97 96 86 1 93 98
geracao 94: 10 14 8 11 26 47 54 41 49 59 63 68 37 27 45 43 40 30 44 53 69 60 57 58 51 38 52 64 71 79 74 82 80 78 76 75 83 81 84 77 70 66 36 42 34 24 21 39 48 55 67 62 65 46 20 32 33 28 17 18 7 6 5 72 4 89 91 3 9 92 2 99 73 15 87 85 31 61 19 23 50 88 90 56 35 29 25 86 96 97 95 94 16 13 22 12 100 1 93 98
geracao 95: 10 14 8 11 27 37 68 63 59 49 41 54 47 26 45 43 40 30 44 53 69 60 57 58 51 38 52 64 71 79 74 82 80 78 76 75 83 81 84 77 70 66 36 42 34 24 21 39 48 55 67 62 65 46 20 32 33 28 17 18 7 6 5 72 4 87 15 73 99 2 92 9 3 91 89 85 31 61 19 23 50 88 90 56 35 29 25 86 96 97 95 94 16 13 22 12 100 1 93 98
geracao 96: 10 14 8 11 26 47 54 41 49 59 63 68 37 27 45 43 40 30 44 53 69 60 57 58 51 38 52 64 71 79 74 82 80 78 76 75 83 81 84 77 70 66 36 42 34 24 21 39 48 55 67 62 65 46 20 32 33 28 17 18 7 6 5 72 4 87 15 73 99 2 92 9 3 91 89 85 31 61 19 23 50 88 90 56 35 29 25 86 96 97 95 94 16 13 22 12 100 1 93 98
geracao 98: 8 11 26 47 54 41 49 59 63 68 37 27 45 43 40 30 44 60 57 58 51 38 52 64 71 79 53 69 74 82 80 78 76 75 83 81 84 77 70 66 36 42 34 24 21 39 48 55 67 62 65 46 20 32 33 28 17 18 7 6 5 3 9 92 2 99 73 15 87 4 72 91 89 85 31 61 19 23 50 88 90 56 35 29 25 86 96 97 95 94 16 13 22 12 100 1 93 98 10 14
geracao 100: 10 14 8 11 26 45 27 37 30 40 43 47 54 41 49 59 63 68 44 53 69 60 57 58 51 38 52 64 71 79 74 82 80 78 76 75 83 81 84 77 70 67 55 48 39 21 24 34 42 36 66 62 65 46 20 32 33 28 17 18 7 6 5 72 4 87 15 73 99 2 92 9 3 91 89 85 31 61 19 23 50 88 90 56 35 29 25 86 96 97 95 94 16 13 22 12 100 1 93 98
geracao 102: 8 11 26 45 27 37 30 40 43 47 54 41 49 59 63 68 44 53 69 60 57 58 51 38 52 64 71 79 74 82 80 78 76 75 83 81 84 77 70 67 55 48 39 34 42 36 66 62 65 46 20 21 24 32 33 28 17 18 7 6 5 3 9 92 2 99 73 15 87 4 72 91 89 85 31 61 19 23 50 88 90 56 35 29 25 86 96 97 95 94 16 13 22 12 100 1 93 98 10 14
geracao 103: 8 11 26 45 27 37 30 40 43 47 54 41 49 59 63 68 44 53 79 71 64 52 38 51 58 57 60 69 74 82 80 78 76 75 83 81 84 77 70 67 55 48 39 34 42 36 66 62 65 46 20 21 24 32 33 28 17 18 7 6 5 3 9 92 2 99 73 15 87 4 72 91 89 85 31 61 19 23 50 88 90 56 35 29 25 86 96 97 95 94 16 13 22 12 100 1 93 98 10 14
geracao 105: 8 11 26 45 27 37 30 40 43 47 54 41 49 59 63 68 44 53 69 60 57 58 51 38 52 64 71 79 74 82 80 78 76 75 83 81 84 77 70 66 36 42 34 39 48 55 67 62 65 46 20 21 24 32 33 28 17 18 7 6 5 3 9 92 2 99 73 15 87 4 72 91 89 85 31 61 19 23 50 88 90 56 35 29 25 86 96 97 95 94 16 13 22 12 100 1 93 98 10 14
geracao 106: 8 11 26 45 27 37 30 40 43 47 54 41 49 59 63 68 44 53 79 71 64 52 38 51 58 57 60 69 74 82 80 78 76 75 83 81 84 77 70 66 36 42 34 39 32 24 21 20 46 65 62 67 55 48 33 28 17 18 7 6 5 3 9 92 2 99 73 15 87 4 72 91 89 85 31 61 19 23 50 88 90 56 35 29 25 86 96 97 95 94 16 13 22 12 100 1 93 98 10 14
geracao 110: 1 100 12 45 27 37 30 40 43 47 54 41 49 59 63 68 44 53 52 38 51 58 57 60 69 64 71 79 74 82 80 78 76 75 83 81 84 77 70 66 36 42 34 39 32 33 48 55 67 62 65 46 20 21 24 28 17 18 7 6 5 3 9 92 2 99 73 15 87 4 72 91 89 85 31 61 19 23 50 88 90 56 35 29 25 86 96 97 95 94 16 13 22 26 11 8 14 10 98 93
geracao 111: 8 11 26 45 40 43 47 27 37 30 54 41 49 59 63 68 44 53 52 38 51 58 57 60 69 64 71 79 74 82 80 78 76 75 83 81 84 77 70 66 36 42 34 39 32 33 48 55 67 62 65 46 20 21 24 28 17 18 7 6 5 3 9 92 2 99 73 15 87 4 72 91 89 85 31 61 19 23 50 88 90 56 35 29 25 86 96 97 95 94 16 13 22 12 100 1 93 98 10 14
geracao 112: 8 11 26 45 27 37 30 40 43 47 54 41 49 59 63 68 44 53 52 38 51 58 57 60 69 64 71 79 74 82 80 78 76 75 83 81 84 77 70 66 36 42 34 39 48 55 67 62 65 46 20 21 24 32 33 28 17 18 7 6 5 3 9 92 2 99 73 15 87 4 72 91 89 85 31 61 19 23 50 88 90 56 35 29 25 86 96 97 95 94 16 13 22 12 100 1 93 98 10 14
geracao 113: 8 11 26 45 27 37 30 40 43 47 54 41 49 59 63 68 44 53 52 38 51 58 57 60 69 64 71 79 74 82 80 78 76 75 83 81 84 77 70 66 36 42 34 39 32 33 48 55 67 62 65 46 20 21 24 28 17 18 7 6 5 3 9 92 2 99 73 15 87 4 72 91 89 85 31 61 19 23 50 88 90 56 35 29 25 86 96 97 95 94 16 13 22 12 100 1 93 98 10 14
geracao 114: 8 11 26 45 40 27 37 30 43 47 54 41 49 59 63 68 44 53 52 38 51 58 57 60 69 64 71 79 74 82 80 78 76 75 83 81 84 77 70 66 36 42 34 39 32 33 48 55 67 62 65 46 20 21 24 28 17 18 7 6 5 3 9 92 2 99 73 15 87 4 72 91 89 85 31 61 19 23 50 88 90 56 35 29 25 86 96 97 95 94 16 13 22 12 100 1 93 98 10 14
geracao 115: 8 11 26 45 27 37 30 40 43 47 54 41 49 59 63 68 44 53 52 38 51 58 57 60 79 71 64 69 74 82 80 78 76 75 83 81 84 77 70 66 36 42 34 39 32 33 48 55 67 62 65 46 20 21 24 28 17 18 7 6 5 3 9 92 2 99 73 15 87 4 72 91 89 85 31 61 19 23 50 88 90 56 35 29 25 86 96 97 95 94 16 13 22 12 100 1 93 98 10 14
geracao 116: 8 11 26 45 40 27 37 30 43 47 54 41 49 59 63 68 44 53 52 38 51 58 57 60 79 71 64 69 74 82 80 78 76 75 83 81 84 77 70 66 36 42 34 39 32 33 48 55 67 62 65 46 20 21 24 28 17 18 7 6 5 3 9 92 2 99 73 15 87 4 72 91 89 85 31 61 19 23 50 88 90 56 35 29 25 86 96 97 95 94 16 13 22 12 100 1 93 98 10 14
geracao 117: 8 11 26 45 40 27 37 30 43 47 54 41 49 59 63 68 71 79 60 57 58 51 38 52 53 44 64 69 74 82 80 78 76 75 83 81 84 77 70 66 36 42 34 39 32 33 48 55 67 62 65 46 20 21 24 28 17 18 7 6 5 72 4 87 15 73 99 2 92 9 3 91 89 85 31 61 19 23 50 88 90 56 35 29 25 86 96 97 95 94 16 13 22 12 100 1 93 98 10 14
geracao 118: 8 11 26 45 40 27 37 30 43 47 54 41 49 59 63 68 71 79 60 57 58 51 38 52 53 44 64 69 74 82 80 78 76 75 83 81 84 77 70 66 36 42 34 39 32 33 48 55 67 62 65 46 20 21 24 28 17 18 7 6 5 3 9 92 2 99 73 15 87 4 72 91 89 85 31 61 19 23 50 88 90 56 35 29 25 86 96 97 95 94 16 13 22 12 100 1 93 98 10 14
geracao 120: 8 11 26 45 40 27 37 30 43 47 54 41 49 59 63 68 71 79 60 57 58 51 38 52 53 44 64 69 74 82 80 78 76 75 83 81 84 77 70 66 36 42 34 39 32 33 48 55 67 62 65 46 20 21 24 28 17 18 7 6 5 3 9 92 2 99 73 15 23 19 61 31 85 89 91 72 4 87 50 88 90 56 35 29 25 86 96 97 95 94 16 13 22 12 100 1 93 98 10 14
geracao 123: 8 11 26 45 40 27 37 30 43 47 54 41 49 59 63 68 71 79 60 57 58 51 38 52 53 44 64 69 74 82 80 78 76 75 83 81 84 77 70 66 36 42 34 39 32 24 21 20 46 65 62 67 55 48 33 28 17 18 7 6 5 3 9 92 2 99 73 15 23 19 61 31 85 89 91 72 4 87 50 88 90 56 35 29 25 86 96 97 95 94 16 13 22 12 100 1 93 98 10 14
geracao 124: 8 11 26 45 40 27 37 30 43 47 54 41 49 59 63 68 71 79 60 57 58 51 38 52 53 44 64 69 74 82 80 78 76 75 83 81 84 77 70 66 36 42 34 39 32 33 48 55 67 62 65 46 20 21 24 28 17 18 7 6 5 3 9 92 2 99 72 91 89 85 31 61 19 23 15 73 4 87 50 88 90 56 35 29 25 86 96 97 95 94 16 13 22 12 100 1 93 98 10 14
geracao 125: 8 11 26 45 40 27 37 30 43 47 54 41 49 59 63 68 71 79 60 57 58 51 38 52 53 44 64 69 74 82 80 78 76 75 83 81 84 77 70 66 36 42 34 39 32 24 21 20 46 65 62 67 55 48 33 28 17 18 7 6 5 3 9 92 2 99 72 91 89 85 31 61 19 23 15 73 4 87 50 88 90 56 35 29 25 86 96 97 95 94 16 13 22 12 100 1 93 98 10 14
geracao 130: 8 11 26 45 40 27 37 30 43 47 54 41 49 59 63 68 71 79 60 57 58 51 38 52 53 44 64 69 74 82 80 78 76 75 83 81 84 77 70 66 36 42 34 39 32 24 21 20 46 65 62 67 55 48 33 28 17 18 7 6 5 3 9 92 2 99 89 85 31 61 19 23 15 73 91 72 4 87 50 88 90 56 35 29 25 86 96 97 95 94 16 13 22 12 100 1 93 98 10 14
geracao 140: 8 11 26 45 40 27 37 30 43 47 54 41 49 59 63 68 71 79 60 57 58 51 38 52 53 44 64 69 74 82 80 78 76 75 83 81 84 77 70 66 36 42 34 39 32 20 21 24 46 65 62 67 55 48 33 28 17 18 7 6 5 3 9 92 2 99 89 85 31 61 19 23 15 73 50 88 90 56 35 29 87 4 72 91 25 86 96 97 95 94 16 13 22 12 100 1 93 98 10 14
geracao 141: 8 11 26 45 40 27 37 30 43 47 54 41 49 59 63 68 71 79 60 57 58 51 38 52 53 44 64 69 74 82 80 78 76 75 83 81 84 77 70 66 36 42 34 39 32 24 21 20 46 65 62 67 55 48 33 28 17 18 7 6 5 3 9 92 2 99 89 85 31 61 19 23 15 73 91 72 4 87 29 35 56 90 88 50 25 86 96 97 95 94 16 13 22 12 100 1 93 98 10 14
geracao 146: 8 11 26 45 40 27 37 30 43 47 54 41 49 59 63 68 71 79 60 57 58 51 38 52 53 44 64 69 74 82 80 78 76 75 83 81 84 77 70 66 36 42 34 39 32 24 21 20 46 65 62 67 55 48 33 28 17 18 7 6 5 3 9 92 2 99 89 85 31 61 19 23 15 73 56 35 29 87 4 72 91 90 88 50 25 86 96 97 95 94 16 13 22 12 100 1 93 98 10 14
geracao 148: 8 11 26 45 40 27 37 30 43 47 54 41 49 59 63 68 71 79 60 57 58 51 38 52 53 44 64 69 74 82 80 78 76 75 83 81 84 77 70 66 36 42 34 39 32 24 21 20 46 65 62 67 55 48 33 28 17 18 5 6 7 3 9 92 2 99 89 85 31 61 19 23 15 73 56 35 29 87 4 72 91 90 88 50 25 86 96 97 95 94 16 13 22 12 100 1 93 98 10 14
geracao 149: 8 11 26 45 40 27 37 30 43 47 54 41 49 59 63 68 71 79 60 57 58 51 38 52 53 44 64 69 74 82 80 78 76 75 83 81 84 77 70 66 36 42 34 39 32 24 21 20 46 65 62 67 55 48 33 28 17 18 7 6 5 3 9 92 2 99 89 85 31 61 19 23 15 73 56 88 90 91 72 4 87 29 35 50 25 86 96 97 95 94 16 13 22 12 100 1 93 98 10 14
geracao 150: 8 11 26 45 40 27 37 30 43 47 54 41 49 59 63 68 71 79 60 57 58 51 38 52 53 44 64 69 74 82 80 78 76 75 83 81 84 77 70 66 36 42 34 39 32 24 21 20 46 65 62 67 55 48 33 28 17 18 7 6 5 3 9 92 2 99 89 85 31 61 19 23 15 73 50 35 29 87 4 72 91 90 88 56 25 86 96 97 95 94 16 13 22 12 100 1 93 98 10 14
geracao 151: 8 11 26 45 40 27 37 30 43 47 54 41 49 59 63 68 71 79 60 57 58 51 38 52 53 44 64 69 74 82 80 78 76 75 83 81 84 77 70 66 36 42 34 39 32 24 21 20 46 65 62 67 55 48 33 28 17 18 5 6 7 3 9 92 2 99 89 85 31 61 19 23 15 73 50 35 29 87 4 72 91 90 88 56 25 86 96 97 95 94 16 13 22 12 100 1 93 98 10 14
geracao 161: 8 11 26 45 40 27 30 37 43 47 54 41 49 59 63 68 71 79 60 57 58 51 38 52 53 44 64 69 74 82 80 78 76 75 83 81 84 77 70 66 36 42 34 39 32 24 21 20 46 65 62 67 55 48 33 28 17 18 5 6 7 3 9 92 2 99 89 85 31 61 19 23 15 73 50 35 29 87 4 72 91 90 88 56 25 86 96 97 95 94 16 13 22 12 100 1 93 98 10 14
geracao 163: 8 11 26 41 54 47 43 37 30 27 40 45 49 59 63 68 71 79 60 57 58 51 38 52 53 44 64 69 74 82 80 78 76 75 83 81 84 77 70 66 36 42 34 39 32 24 21 20 18 17 28 33 48 55 67 62 65 46 5 6 7 3 9 92 2 99 89 85 31 61 19 23 15 73 50 35 29 87 4 72 91 90 88 56 25 86 96 97 95 94 16 13 22 12 100 1 93 98 10 14
geracao 164: 8 11 26 41 54 47 43 37 30 27 40 45 49 59 63 68 71 79 60 57 58 51 38 52 53 44 64 69 74 82 80 78 76 75 83 81 84 77 70 66 36 42 34 39 32 24 21 20 46 65 62 67 55 48 33 28 17 18 5 6 7 3 9 92 2 99 89 85 31 61 19 23 15 73 50 35 29 87 4 72 91 90 88 56 25 86 96 97 95 94 16 13 22 12 100 1 93 98 10 14
geracao 168: 20 11 26 41 54 63 59 49 45 40 27 30 37 43 47 68 71 79 60 57 58 51 38 52 53 44 64 69 74 82 80 78 76 75 83 81 84 77 70 66 36 42 34 39 32 33 48 55 67 62 65 46 28 17 18 5 6 7 3 9 92 2 99 89 85 31 61 19 23 15 73 50 35 29 87 4 72 91 90 88 56 25 86 96 97 95 94 16 13 22 12 100 1 93 98 10 14 8 24 21
geracao 173: 20 11 26 41 54 47 43 37 30 27 40 45 49 59 63 68 71 79 60 57 58 51 38 52 53 44 64 69 74 82 80 78 76 75 83 81 84 77 70 66 36 42 34 39 32 33 48 55 67 62 65 46 28 17 18 5 6 7 3 9 92 2 99 89 85 31 61 19 23 15 73 50 35 29 87 4 72 91 90 88 56 25 86 96 97 95 94 16 13 22 12 100 1 93 98 10 14 8 24 21
geracao 179: 100 11 26 41 54 47 43 37 30 27 40 45 49 59 63 68 71 79 60 57 58 51 38 52 53 44 64 69 74 82 80 78 76 75 83 81 84 77 70 66 36 42 34 39 32 33 48 55 67 62 65 46 28 17 18 5 6 7 3 9 92 2 99 89 85 31 61 19 23 15 73 50 35 29 87 4 72 91 90 88 56 25 86 96 97 95 94 16 13 22 12 20 21 24 8 14 10 98 93 1
geracao 181: 20 11 26 41 47 54 43 37 30 27 40 45 49 59 63 68 71 79 60 57 58 51 38 52 53 44 64 69 74 82 80 78 76 75 83 81 84 77 70 67 55 48 33 32 39 34 42 36 66 62 65 46 28 17 18 5 6 7 3 9 92 2 99 89 85 31 61 19 23 15 73 50 35 29 87 4 72 91 90 88 56 25 86 96 97 95 94 16 13 22 12 100 1 93 98 10 14 8 24 21
geracao 182: 20 11 26 41 47 54 43 37 30 27 40 45 49 59 63 68 71 79 60 57 58 51 38 52 53 44 64 69 74 82 80 78 76 75 83 81 84 77 70 66 36 42 34 39 32 33 48 55 67 62 65 46 28 17 18 5 6 7 3 9 92 2 99 89 85 31 61 19 23 15 73 50 35 29 87 4 72 91 90 88 56 25 86 96 97 95 94 16 13 22 12 100 1 93 98 10 14 8 24 21
geracao 184: 20 11 26 41 47 54 43 37 30 27 40 45 49 59 63 68 71 79 60 57 58 51 38 52 53 44 64 69 74 82 80 78 76 75 83 81 84 77 70 66 36 42 34 39 32 33 48 55 67 62 65 46 28 17 18 5 6 7 3 9 92 2 99 89 85 31 61 19 23 15 73 88 90 91 72 4 87 29 35 50 56 25 86 96 97 95 94 16 13 22 12 100 1 93 98 10 14 8 24 21
geracao 189: 100 11 26 41 47 54 43 37 30 27 40 45 49 59 63 68 71 79 60 57 58 51 38 52 53 44 64 69 74 82 80 78 76 75 83 81 84 77 70 66 36 42 34 39 32 33 48 55 67 62 65 46 28 17 18 5 6 7 3 9 92 2 99 89 85 31 61 19 23 15 73 88 90 91 72 4 87 29 35 50 56 25 86 96 97 95 94 16 13 22 12 20 21 24 8 14 10 98 93 1
geracao 199: 24 21 26 41 47 54 43 37 30 27 40 45 49 59 63 68 71 79 60 57 58 51 38 52 53 44 64 69 74 82 80 78 76 75 83 81 84 77 70 66 36 42 34 39 32 33 48 55 67 62 65 46 28 17 18 5 6 7 3 9 92 2 99 89 85 31 61 19 23 15 73 88 90 91 72 4 87 29 35 50 56 25 86 96 97 95 94 16 13 22 12 20 11 100 1 93 98 10 14 8
geracao 205: 24 21 26 41 47 54 43 37 30 27 40 45 49 59 63 68 71 79 60 57 58 51 38 52 53 44 64 69 74 82 80 78 76 75 83 81 84 77 70 66 36 42 34 39 32 33 48 55 67 62 65 46 28 17 18 5 6 7 3 9 92 2 99 89 85 31 61 19 23 4 72 91 90 88 73 15 87 29 35 50 56 25 86 96 97 95 94 16 13 22 12 20 11 100 1 93 98 10 14 8
geracao 223: 24 21 26 41 47 54 43 37 30 27 40 45 49 59 63 68 71 79 60 57 58 51 38 52 53 44 64 69 74 82 80 78 76 75 83 81 84 77 70 66 36 42 34 39 32 33 48 55 67 62 65 46 28 17 18 5 6 7 3 9 92 99 2 89 85 31 61 19 23 4 72 91 90 88 73 15 87 29 35 50 56 25 86 96 97 95 94 16 13 22 12 20 11 100 1 93 98 10 14 8
geracao 233: 20 21 26 41 47 54 43 37 30 27 40 45 49 59 63 68 71 79 60 57 58 51 38 52 53 44 64 69 74 82 80 78 76 75 83 81 84 77 70 67 55 65 62 66 36 42 34 39 32 33 48 46 28 17 18 5 6 7 3 9 92 99 2 89 85 31 61 19 23 4 72 91 90 88 73 15 87 29 35 50 56 25 86 96 97 95 94 16 13 22 12 11 100 1 93 98 10 14 8 24
geracao 234: 20 21 26 41 47 54 43 37 30 27 40 45 49 59 63 68 71 79 60 57 58 51 38 52 53 44 64 69 74 82 80 78 76 75 83 81 84 77 70 66 36 42 34 39 32 33 48 55 67 62 65 46 28 17 18 5 6 7 3 9 92 99 2 89 85 31 61 19 23 4 72 91 90 88 73 15 87 29 35 50 56 25 86 96 97 95 94 16 13 22 12 11 100 1 93 98 10 14 8 24
geracao 238: 20 21 26 41 47 54 43 37 30 27 40 45 49 59 63 68 71 79 60 57 58 51 38 52 53 44 64 69 74 82 80 78 76 75 83 81 84 77 70 66 36 42 34 39 32 33 48 55 67 62 65 46 28 17 18 5 6 7 3 9 92 99 2 89 85 31 61 19 23 4 72 91 90 88 73 15 87 29 35 50 56 25 86 96 97 95 94 16 13 22 12 11 93 1 100 98 10 14 8 24
geracao 241: 20 21 26 41 47 54 43 37 30 27 40 45 49 59 63 68 71 79 60 57 58 51 38 52 53 44 64 69 74 82 80 78 76 75 83 81 84 70 77 66 36 42 34 39 32 33 48 55 67 62 65 46 28 17 18 5 6 7 3 9 92 99 2 89 85 31 61 19 23 4 72 91 90 88 73 15 87 29 35 50 56 25 86 96 97 95 94 16 13 22 12 11 100 1 93 98 10 14 8 24
geracao 242: 20 21 26 41 47 54 43 37 30 27 40 45 49 59 63 68 71 79 60 57 58 51 38 52 53 44 64 69 74 82 80 78 76 75 83 81 84 70 77 66 36 42 34 39 32 33 48 55 67 62 65 46 28 17 18 5 6 7 3 9 92 99 2 89 85 31 61 19 23 4 72 91 90 88 73 15 87 29 35 50 56 25 86 96 97 95 94 16 13 22 12 11 93 1 100 98 10 14 8 24
geracao 278: 20 21 26 41 47 54 43 37 30 27 40 45 49 59 63 68 71 79 60 57 58 51 38 52 53 44 64 69 74 82 80 78 76 75 83 81 84 70 77 66 36 42 34 39 32 33 48 55 67 62 65 46 28 17 18 5 6 7 3 9 92 99 2 89 85 31 61 19 23 4 72 91 90 88 73 15 87 29 35 50 56 25 86 96 97 95 94 16 13 22 12 11 98 100 1 93 10 14 8 24
geracao 281: 20 21 26 41 47 54 43 37 30 27 40 45 49 59 63 68 71 79 60 57 58 51 38 52 64 69 74 82 80 78 76 75 83 81 84 70 77 66 44 53 36 42 34 39 32 33 48 55 67 62 65 46 28 17 18 5 6 7 3 9 92 99 2 89 85 31 61 19 23 4 72 91 90 86 25 56 50 35 29 87 15 73 88 96 97 95 94 16 13 22 12 11 98 100 1 93 10 14 8 24
geracao 282: 20 21 26 41 47 54 43 37 30 27 40 45 49 59 63 68 71 79 60 57 58 51 38 52 64 69 74 82 80 78 76 75 83 81 84 70 77 66 44 53 36 42 34 39 32 33 48 55 67 62 65 46 28 17 18 5 6 7 3 9 92 99 2 89 85 31 61 19 23 4 72 91 90 88 73 15 87 29 35 50 56 25 86 96 97 95 94 16 13 22 12 11 98 100 1 93 10 14 8 24
geracao 286: 20 21 26 41 47 54 43 37 30 27 40 45 49 59 63 68 71 79 60 57 58 51 38 52 64 69 74 82 80 78 76 75 83 81 84 70 77 66 44 53 36 42 34 39 32 33 48 55 67 62 65 46 28 17 18 5 6 7 3 9 92 99 2 89 85 31 61 19 23 4 72 91 90 88 73 15 87 29 35 50 56 25 86 96 97 95 94 16 13 22 12 11 100 98 1 93 10 14 8 24
geracao 303: 20 21 26 41 47 54 43 37 30 27 40 45 49 59 63 68 71 79 60 57 58 51 38 52 64 69 74 82 80 78 76 75 83 81 84 70 77 66 44 53 36 42 34 39 32 33 48 55 67 62 65 46 28 17 18 5 6 7 3 9 92 99 2 89 85 31 61 19 23 4 72 91 90 88 73 15 87 29 35 50 56 25 86 96 97 95 94 16 13 22 12 11 100 98 1 93 10 8 14 24
geracao 324: 20 21 26 41 47 54 43 37 30 27 40 45 49 59 63 68 71 79 60 57 58 51 38 52 64 69 74 82 80 78 76 75 83 81 84 70 77 66 44 53 36 42 34 39 32 33 48 55 67 62 65 46 28 17 18 5 6 7 3 9 92 99 2 89 85 61 31 19 23 4 72 91 90 88 73 15 87 29 35 50 56 25 86 96 97 95 94 16 13 22 12 11 100 98 1 93 10 8 14 24
geracao 342: 20 21 26 40 41 47 54 45 49 59 63 68 71 79 60 57 58 51 38 52 64 69 74 82 80 78 76 75 83 81 84 70 77 66 44 53 36 42 34 39 32 33 48 55 67 62 65 46 43 37 30 27 28 17 18 5 6 7 3 9 92 99 2 89 85 61 31 19 23 4 72 91 90 88 73 15 87 29 35 50 56 25 86 96 97 95 94 16 13 22 12 11 100 98 1 93 10 8 14 24
geracao 343: 20 21 26 41 47 54 40 45 49 59 63 68 71 79 60 57 58 51 38 52 64 69 74 82 80 78 76 75 83 81 84 70 77 66 44 53 36 42 34 39 32 33 48 55 67 62 65 46 43 37 30 27 28 17 18 5 6 7 3 9 92 99 2 89 85 61 31 19 23 4 72 91 90 88 73 15 87 29 35 50 56 25 86 96 97 95 94 16 13 22 12 11 100 98 1 93 10 8 14 24
geracao 364: 20 21 26 41 47 54 40 45 49 59 63 68 71 79 60 57 52 38 51 58 64 69 74 82 80 78 76 75 83 81 84 70 77 66 44 53 36 42 34 39 32 33 48 55 67 62 65 46 43 37 30 27 28 17 18 5 6 7 3 9 92 99 2 89 85 61 31 19 23 4 72 91 90 88 73 15 87 29 35 50 56 25 86 96 97 95 94 16 13 22 12 11 100 98 1 93 10 8 14 24
geracao 411: 20 21 26 41 47 54 40 45 49 59 63 68 71 79 60 57 52 38 51 58 64 69 74 82 80 78 76 75 83 81 84 70 77 66 44 53 36 42 34 39 32 33 48 55 67 62 65 46 43 37 30 27 28 17 18 5 6 7 3 9 92 99 2 89 85 61 31 19 23 4 72 91 90 88 73 15 87 29 35 50 56 25 86 96 97 95 94 16 13 22 12 11 100 1 98 93 10 8 14 24
geracao 416: 20 21 26 41 47 54 40 45 49 59 63 68 71 79 60 57 52 38 51 58 64 69 74 82 80 78 76 75 83 81 84 70 77 66 44 53 36 42 34 39 32 33 48 55 67 62 65 46 43 37 30 27 28 17 18 5 6 7 3 9 92 99 2 89 85 61 31 19 23 4 72 91 90 88 73 15 87 29 35 50 56 25 86 94 95 97 96 16 13 22 12 11 100 1 98 93 10 8 14 24
geracao 419: 20 21 26 41 47 54 40 45 49 59 63 68 71 79 60 57 52 38 51 58 64 69 74 82 80 78 76 75 83 81 84 70 77 66 44 53 36 42 34 39 32 33 48 55 67 62 65 46 43 37 30 27 28 17 18 5 6 7 3 9 92 99 2 89 85 61 31 19 23 4 72 91 90 88 73 15 87 29 35 50 56 25 86 94 96 97 95 16 13 22 12 11 100 1 98 93 10 8 14 24
geracao 429: 20 21 26 41 47 54 40 45 49 59 63 68 71 79 60 57 52 38 51 58 64 69 74 82 80 78 76 75 83 81 84 70 77 66 34 42 36 53 44 39 32 33 48 55 67 62 65 46 43 37 30 27 28 17 18 5 6 7 3 9 92 99 2 89 85 61 31 19 23 4 72 91 90 88 73 15 87 29 35 50 56 25 86 94 96 97 95 16 13 22 12 11 100 1 98 93 10 8 14 24
geracao 499: 20 21 26 41 47 54 40 45 49 59 63 68 71 79 60 57 52 38 51 58 64 69 74 82 80 78 76 75 83 81 84 70 77 66 34 42 36 53 44 39 32 33 48 55 67 62 65 46 43 37 30 27 28 17 18 5 6 7 3 9 92 99 2 89 85 61 31 19 23 4 72 91 73 15 87 29 35 50 56 25 86 90 88 94 96 97 95 16 13 22 12 11 100 1 98 93 10 8 14 24
geracao 529: 20 21 26 41 47 54 40 45 49 59 63 68 71 79 60 57 52 38 51 58 64 69 74 82 80 78 76 75 83 81 84 70 77 66 34 42 36 53 44 39 32 33 48 55 67 62 65 46 43 37 30 27 28 17 18 5 6 7 3 9 92 99 2 89 85 61 31 19 23 4 72 91 73 15 87 29 35 50 56 25 86 90 88 94 96 97 95 16 13 22 12 11 1 100 98 93 10 8 14 24
geracao 535: 20 21 26 41 47 54 40 45 49 59 63 68 71 79 60 57 52 38 51 58 64 69 74 82 80 78 76 75 83 81 84 70 77 66 53 36 42 34 44 39 32 33 48 55 67 62 65 46 43 37 30 27 28 17 18 5 6 7 3 9 92 99 2 89 85 61 31 19 23 4 72 91 90 86 25 56 50 35 29 87 15 73 88 94 96 97 95 16 13 22 12 11 1 100 98 93 10 8 14 24
geracao 536: 20 21 26 41 47 54 40 45 49 59 63 68 71 79 60 57 52 38 51 58 64 69 74 82 80 78 76 75 83 81 84 70 77 66 53 36 42 34 44 39 32 33 48 55 67 62 65 46 43 37 30 27 28 17 18 5 6 7 3 9 92 99 2 89 85 61 31 19 23 4 72 91 73 15 87 29 35 50 56 25 86 90 88 94 96 97 95 16 13 22 12 11 1 100 98 93 10 8 14 24
geracao 553: 20 21 26 41 47 45 40 54 49 59 63 68 71 79 60 57 52 38 51 58 64 69 74 82 80 78 76 75 83 81 84 70 77 66 53 36 42 34 44 39 32 33 48 55 67 62 65 46 43 37 30 27 28 17 18 5 6 7 3 9 92 99 2 89 85 61 31 19 23 4 72 91 73 15 87 29 35 50 56 25 86 90 88 94 96 97 95 16 13 22 12 11 1 100 98 93 10 8 14 24
geracao 577: 20 21 26 41 47 45 40 54 49 59 63 68 71 79 60 57 52 38 51 58 64 69 74 82 80 78 76 75 77 70 84 81 83 66 53 36 42 34 44 39 32 33 48 55 67 62 65 46 43 37 30 27 28 17 18 5 6 7 3 9 92 99 2 89 85 61 31 19 23 4 72 91 73 15 87 29 35 50 56 25 86 90 88 94 96 97 95 16 13 22 12 11 1 100 98 93 10 8 14 24
geracao 593: 20 21 26 41 47 45 40 49 54 59 63 68 71 79 60 57 52 38 51 58 64 69 74 82 80 78 76 75 77 70 84 81 83 66 53 36 42 34 44 39 32 33 48 55 67 62 65 46 43 37 30 27 28 17 18 5 6 7 3 9 92 99 2 89 85 61 31 19 23 4 72 91 73 15 87 29 35 50 56 25 86 90 88 94 96 97 95 16 13 22 12 11 1 100 98 93 10 8 14 24
geracao 605: 20 21 26 41 47 45 40 49 54 59 63 68 71 79 60 57 52 38 51 58 64 69 74 80 82 78 76 75 77 70 84 81 83 66 53 36 42 34 44 39 32 33 48 55 67 62 65 46 43 37 30 27 28 17 18 5 6 7 3 9 92 99 2 89 85 61 31 19 23 4 72 91 73 15 87 29 35 50 56 25 86 90 88 94 96 97 95 16 13 22 12 11 1 100 98 93 10 8 14 24
geracao 636: 20 21 26 41 47 45 40 49 54 59 63 68 71 79 60 57 52 38 51 58 64 69 74 80 82 78 76 75 77 70 84 81 83 66 53 36 42 34 44 39 32 33 48 55 67 62 65 46 43 37 30 27 28 18 17 5 6 7 3 9 92 99 2 89 85 61 31 19 23 4 72 91 73 15 87 29 35 50 56 25 86 90 88 94 96 97 95 16 13 22 12 11 1 100 98 93 10 8 14 24
geracao 679: 20 21 26 41 47 45 40 49 54 59 63 68 71 79 60 57 52 38 51 58 64 69 74 80 82 78 76 75 77 70 84 81 83 66 53 36 42 34 44 39 32 33 48 55 67 62 65 46 43 37 30 27 28 18 17 5 6 7 3 9 92 99 2 89 85 61 31 19 23 4 29 87 15 73 91 72 35 50 56 25 86 90 88 94 96 97 95 16 13 22 12 11 1 100 98 93 10 8 14 24
geracao 684: 20 21 26 41 47 45 40 49 54 59 63 68 71 79 60 57 52 38 51 58 64 69 74 80 82 78 76 75 77 70 84 81 83 66 53 36 42 34 44 39 32 33 48 55 67 62 65 46 43 37 30 27 28 18 17 5 6 7 3 9 92 99 2 89 85 61 31 19 23 4 15 87 29 73 91 72 35 50 56 25 86 90 88 94 96 97 95 16 13 22 12 11 1 100 98 93 10 8 14 24
geracao 686: 20 21 26 41 47 45 40 49 54 59 63 68 71 79 60 57 52 38 51 58 64 69 74 80 82 78 76 75 77 70 84 81 83 66 53 36 42 34 44 39 32 33 48 55 67 62 65 46 43 37 30 27 28 18 17 5 6 7 3 9 92 99 2 89 85 61 31 19 23 4 15 87 29 72 91 73 35 50 56 25 86 90 88 94 96 97 95 16 13 22 12 11 1 100 98 93 10 8 14 24
geracao 702: 20 21 26 41 47 45 40 49 54 59 63 68 71 79 60 57 52 38 51 58 64 69 74 80 82 78 76 75 77 70 84 81 83 66 53 36 42 34 44 39 32 33 48 55 67 62 65 46 43 37 30 27 28 18 17 5 6 7 3 9 92 99 2 89 85 61 31 19 23 4 15 87 29 72 91 73 35 50 56 25 86 88 90 94 96 97 95 16 13 22 12 11 1 100 98 93 10 8 14 24
geracao 750: 20 21 26 41 47 45 40 49 54 59 63 68 71 79 60 57 52 38 51 58 64 69 74 80 82 78 76 75 77 70 84 81 83 66 53 36 42 34 44 39 32 33 48 55 67 62 65 46 43 37 30 27 28 18 17 5 6 7 3 9 92 99 2 89 85 61 31 19 23 4 15 87 29 72 91 73 35 50 56 25 86 88 90 94 95 97 96 13 16 22 12 11 1 100 98 93 10 8 14 24
geracao 755: 20 21 26 41 47 45 40 49 54 59 63 68 71 79 60 57 52 38 51 58 64 69 74 80 82 78 76 75 77 70 84 81 83 66 53 36 42 34 44 39 32 33 48 55 67 62 65 46 43 37 30 27 28 18 17 6 5 7 3 9 92 99 2 89 85 61 31 19 23 4 15 87 29 72 91 73 35 50 56 25 86 88 90 94 95 97 96 13 16 22 12 11 1 100 98 93 10 8 14 24
geracao 799: 20 21 26 41 47 45 40 49 54 59 63 68 71 79 60 57 52 38 51 58 64 69 74 80 82 78 76 75 77 70 84 81 83 66 53 36 42 34 44 39 32 33 48 55 67 62 65 46 43 37 30 27 28 18 17 6 5 7 3 9 92 99 2 89 85 61 31 19 23 4 15 87 29 72 73 35 50 56 25 86 88 91 90 94 95 97 96 13 16 22 12 11 1 100 98 93 10 8 14 24
geracao 812: 20 21 26 41 47 45 40 49 54 59 63 68 71 79 60 57 52 38 51 58 64 69 74 80 82 78 76 75 77 70 84 81 83 66 53 36 42 34 44 39 32 33 48 55 67 62 65 46 43 37 30 27 28 18 17 6 5 7 3 9 92 99 2 89 85 61 31 19 23 87 15 4 29 72 73 35 50 56 25 86 88 91 90 94 95 97 96 13 16 22 12 11 1 100 98 93 10 8 14 24
geracao 834: 20 21 26 41 47 45 40 49 54 59 63 68 71 79 60 57 58 52 38 51 64 69 74 80 82 78 76 75 77 70 84 81 83 66 53 36 42 34 44 39 32 33 48 55 67 62 65 46 43 37 30 27 28 18 17 6 5 7 3 9 92 99 2 89 85 61 31 19 23 87 15 4 29 72 73 35 50 56 25 86 88 91 90 94 95 97 96 13 16 22 12 11 1 100 98 93 10 8 14 24
geracao 894: 20 21 26 41 47 45 40 49 54 59 63 68 71 79 60 57 58 52 38 51 64 69 74 80 82 78 75 76 77 70 84 81 83 66 53 36 42 34 44 39 32 33 48 55 67 62 65 46 43 37 30 27 28 18 17 6 5 7 3 9 92 99 2 89 85 61 31 19 23 87 15 4 29 72 73 35 50 56 25 86 88 91 90 94 95 97 96 13 16 22 12 11 1 100 98 93 10 8 14 24
geracao 934: 20 21 26 41 47 45 40 49 54 59 63 68 71 79 60 57 58 52 38 51 64 69 74 80 82 78 75 76 77 70 84 81 83 66 53 36 42 34 44 39 32 33 48 55 62 67 65 46 43 37 30 27 28 18 17 6 5 7 3 9 92 99 2 89 85 61 31 19 23 87 15 4 29 72 73 35 50 56 25 86 88 91 90 94 95 97 96 13 16 22 12 11 1 100 98 93 10 8 14 24
geracao 939: 20 21 26 41 47 45 40 49 54 59 63 68 71 79 60 57 58 52 38 51 64 69 74 80 82 78 75 76 77 70 84 81 83 66 53 36 42 34 44 39 32 33 48 55 62 67 65 46 43 37 30 27 28 18 17 6 5 7 3 9 92 99 2 89 85 61 31 19 23 87 29 4 15 72 73 35 50 56 25 86 88 91 90 94 95 97 96 13 16 22 12 11 1 100 98 93 10 8 14 24
geracao 942: 20 21 26 41 47 45 40 49 54 59 63 68 71 79 60 57 58 52 38 51 64 69 74 80 82 78 75 76 77 70 84 81 83 66 53 36 34 42 44 39 32 33 48 55 62 67 65 46 43 37 30 27 28 18 17 6 5 7 3 9 92 99 2 89 85 61 31 19 23 87 29 4 15 72 73 35 50 56 25 86 88 91 90 94 95 97 96 13 16 22 12 11 1 100 98 93 10 8 14 24
geracao 944: 20 21 26 41 47 45 40 49 54 59 63 68 71 79 60 57 58 52 38 51 64 69 74 80 82 78 75 76 77 70 84 81 83 66 53 34 36 42 44 39 32 33 48 55 62 67 65 46 43 37 30 27 28 18 17 6 5 7 3 9 92 99 2 89 85 61 31 19 23 87 29 4 15 72 73 35 50 56 25 86 88 91 90 94 95 97 96 13 16 22 12 11 1 100 98 93 10 8 14 24
geracao 1179: 20 21 26 41 47 45 40 49 54 59 63 68 71 79 60 57 38 52 58 51 64 69 74 80 82 78 75 76 77 70 84 81 83 66 53 34 36 42 44 39 32 33 48 55 62 67 65 46 43 37 30 27 28 18 17 6 5 7 3 9 92 99 2 89 85 61 31 19 23 87 29 4 15 72 73 35 50 56 25 86 88 91 90 94 95 97 96 13 16 22 12 11 1 100 98 93 10 8 14 24
geracao 1216: 20 21 26 41 47 45 40 49 54 59 63 68 71 79 60 57 38 52 58 51 64 69 74 80 82 78 75 76 77 83 81 84 70 66 53 34 36 42 44 39 32 33 48 55 62 67 65 46 43 37 30 27 28 18 17 6 5 7 3 9 92 99 2 89 85 61 31 19 23 87 29 4 15 72 73 35 50 56 25 86 88 91 90 94 95 97 96 13 16 22 12 11 1 100 98 93 10 8 14 24
geracao 1331: 20 21 26 41 47 45 40 49 54 59 63 68 71 79 60 57 38 52 58 51 64 69 74 80 82 78 75 76 77 83 81 84 70 66 53 34 36 42 44 39 32 33 48 55 62 67 65 46 43 37 30 27 28 18 17 6 5 7 3 9 2 99 92 89 85 61 31 19 23 87 29 4 15 72 73 35 50 56 25 86 88 91 90 94 95 97 96 13 16 22 12 11 1 100 98 93 10 8 14 24
geracao 1592: 47 45 40 49 54 59 63 68 71 79 60 57 38 52 58 51 64 69 74 80 82 78 75 76 77 83 81 84 70 66 53 34 36 42 44 39 32 33 48 55 62 67 65 46 43 37 30 27 28 18 17 6 5 7 3 9 2 99 92 89 85 61 31 19 23 87 29 4 15 72 73 35 50 56 25 86 88 91 90 94 95 97 96 13 16 22 12 11 1 100 98 93 10 8 14 24 20 21 26 41
geracao 1777: 47 45 40 49 54 59 63 68 71 79 60 57 38 52 58 51 64 69 74 80 82 78 75 76 77 83 81 84 70 66 53 34 36 42 44 39 32 33 48 55 62 67 65 46 43 37 30 27 28 18 17 6 5 7 3 9 2 99 92 89 85 61 19 31 23 87 29 4 15 72 73 35 50 56 25 86 88 91 90 94 95 97 96 13 16 22 12 11 1 100 98 93 10 8 14 24 20 21 26 41
geracao 1906: 47 45 40 49 54 59 63 68 71 79 60 57 38 52 58 51 64 69 74 80 82 78 75 76 77 83 81 84 70 66 53 34 36 42 44 39 32 33 48 55 62 67 65 46 43 37 30 27 28 18 17 6 5 7 3 9 2 99 92 89 85 61 19 31 23 87 29 4 15 72 73 35 50 56 25 86 88 91 90 94 96 97 95 13 16 22 12 11 1 100 98 93 10 8 14 24 20 21 26 41
geracao 2254: 60 57 38 52 58 51 64 69 74 80 82 78 75 76 77 83 81 84 70 66 53 34 36 42 44 39 32 33 48 55 62 67 65 46 43 37 30 27 28 18 17 6 5 7 3 9 2 99 92 89 85 61 19 31 23 87 29 4 15 72 73 35 50 56 25 86 88 91 90 94 96 97 95 13 16 22 12 11 1 100 98 93 10 8 14 24 20 21 26 41 47 45 40 49 54 59 63 68 71 79
geracao 2459: 57 38 52 58 51 64 69 74 80 82 78 75 76 77 83 81 84 70 66 53 34 36 42 44 39 32 33 48 55 62 67 65 46 43 37 30 27 28 18 17 6 5 7 3 9 2 99 92 89 85 61 19 31 23 87 29 4 15 72 73 35 50 56 25 86 88 91 90 94 96 97 95 13 16 22 12 11 1 100 98 93 10 8 14 24 20 21 26 41 47 45 40 49 54 59 63 68 71 79 60
geracao 2460: 60 57 38 52 58 51 64 69 74 80 82 78 75 76 77 83 81 84 70 66 53 34 36 42 44 39 32 33 48 55 62 67 65 46 43 37 30 27 28 18 17 6 5 7 3 9 2 99 92 89 85 61 19 31 23 87 29 4 15 72 73 35 50 56 25 86 88 91 90 94 96 97 95 13 16 22 12 11 1 100 98 93 10 8 14 24 20 21 26 41 47 45 40 49 54 59 63 68 71 79
geracao 2461: 57 38 52 58 51 64 69 74 80 82 78 75 76 77 83 81 84 70 66 53 34 36 42 44 39 32 33 48 55 62 67 65 46 43 37 30 27 28 18 17 6 5 7 3 9 2 99 92 89 85 61 19 31 23 87 29 4 15 72 73 35 50 56 25 86 88 91 90 94 96 97 95 13 16 22 12 11 1 100 98 93 10 8 14 24 20 21 26 41 47 45 40 49 54 59 63 68 71 79 60
geracao 3134: 57 38 52 58 51 64 69 74 80 82 78 75 76 77 83 81 84 70 66 53 34 36 42 44 39 32 33 48 46 43 37 30 27 28 18 17 6 5 7 3 9 2 99 92 89 85 61 19 31 23 87 29 4 15 72 73 35 50 56 25 86 88 91 90 94 96 97 95 13 16 22 12 11 1 100 98 93 10 8 14 24 20 21 26 41 47 45 40 49 55 62 67 65 54 59 63 68 71 79 60
geracao 3221: 57 38 52 58 51 64 69 74 80 82 78 75 76 77 83 81 84 70 66 53 34 36 42 44 39 32 33 48 46 43 37 30 27 28 18 17 6 5 7 3 9 2 99 92 89 85 61 19 31 23 87 29 4 15 72 73 35 50 56 25 86 88 91 90 94 96 97 95 13 16 22 12 11 1 100 98 93 10 8 14 24 20 21 26 41 47 45 40 49 54 65 67 62 55 59 63 68 71 79 60
geracao 3441: 57 38 52 58 51 64 69 74 80 82 78 75 76 77 83 81 84 70 66 53 34 36 42 44 39 32 33 48 46 43 37 30 27 28 18 17 6 5 7 3 9 2 99 92 89 85 61 19 31 23 87 29 4 15 72 73 35 50 56 25 86 88 91 90 94 96 97 95 13 16 22 12 11 1 100 98 93 10 8 14 24 20 21 26 41 47 45 40 49 54 55 62 67 65 59 63 68 71 79 60
geracao 3612: 64 69 74 80 82 78 75 76 77 83 81 84 70 66 53 34 36 42 44 39 32 33 48 46 43 37 30 27 28 18 17 6 5 7 3 9 2 99 92 89 85 61 19 31 23 87 29 4 15 72 73 35 50 56 25 86 88 91 90 94 96 97 95 13 16 22 12 11 1 100 98 93 10 8 14 24 20 21 26 41 47 45 40 49 54 55 62 67 65 59 63 68 71 79 60 57 38 52 58 51
geracao 3640: 64 69 74 80 82 78 75 76 77 83 81 84 70 66 53 34 36 42 44 39 32 33 48 46 43 37 30 27 28 18 17 6 5 7 3 9 2 99 92 89 85 61 19 31 23 87 29 4 15 72 73 35 50 56 25 86 88 91 90 94 96 97 95 13 16 22 12 11 1 100 98 93 10 8 14 24 20 21 26 41 47 45 40 49 54 55 59 65 67 62 63 68 71 79 60 57 38 52 58 51
geracao 4085: 64 69 74 80 82 78 75 76 77 83 81 84 70 66 53 34 36 42 44 39 32 33 48 46 43 37 30 27 28 18 17 6 5 7 3 9 2 99 92 89 85 61 19 31 23 87 29 4 15 72 73 35 50 56 25 86 88 91 90 94 96 97 95 13 16 22 12 11 1 100 98 93 10 8 14 24 21 20 26 41 47 45 40 49 54 55 59 65 67 62 63 68 71 79 60 57 38 52 58 51
geracao 4214: 82 78 75 76 77 83 81 84 70 66 53 34 36 42 44 39 32 33 48 46 43 37 30 27 28 18 17 6 5 7 3 9 2 99 92 89 85 61 19 31 23 87 29 4 15 72 73 35 50 56 25 86 88 91 90 94 96 97 95 13 16 22 12 11 1 100 98 93 10 8 14 24 21 20 26 41 47 45 40 49 54 55 59 65 67 62 63 68 71 79 60 57 38 52 58 51 64 69 74 80
geracao 4472: 82 78 75 76 77 83 84 81 70 66 53 34 36 42 44 39 32 33 48 46 43 37 30 27 28 18 17 6 5 7 3 9 2 99 92 89 85 61 19 31 23 87 29 4 15 72 73 35 50 56 25 86 88 91 90 94 96 97 95 13 16 22 12 11 1 100 98 93 10 8 14 24 21 20 26 41 47 45 40 49 54 55 59 65 67 62 63 68 71 79 60 57 38 52 58 51 64 69 74 80
geracao 4822: 75 76 77 83 84 81 70 66 53 34 36 42 44 39 32 33 48 46 43 37 30 27 28 18 17 6 5 7 3 9 2 99 92 89 85 61 19 31 23 87 29 4 15 72 73 35 50 56 25 86 88 91 90 94 96 97 95 13 16 22 12 11 1 100 98 93 10 8 14 24 21 20 26 41 47 45 40 49 54 55 59 65 67 62 63 68 71 79 60 57 38 52 58 51 64 69 74 80 82 78
geracao 5222: 77 83 84 81 70 66 53 34 36 42 38 52 44 39 32 33 48 46 43 37 30 27 28 18 17 6 5 7 3 9 2 99 92 89 85 61 19 31 23 87 29 4 15 72 73 35 50 56 25 86 88 91 90 94 96 97 95 13 16 22 12 11 1 100 98 93 10 8 14 24 21 20 26 41 47 45 40 49 54 55 59 65 67 62 63 68 71 79 60 57 58 51 64 69 74 80 82 78 75 76
geracao 5224: 77 83 84 81 70 66 53 34 36 42 38 52 44 39 32 33 48 46 43 37 30 27 28 18 17 6 5 7 3 9 2 99 92 89 85 61 19 31 23 87 29 4 15 72 73 35 50 56 25 86 88 91 90 94 96 97 95 13 16 22 12 11 1 100 98 93 10 8 14 24 21 20 26 41 47 45 40 49 54 55 59 65 67 62 63 68 71 79 78 82 80 74 69 64 51 58 57 60 75 76
geracao 5227: 83 77 76 75 60 57 53 34 36 42 38 52 44 39 32 33 48 46 43 37 30 27 28 18 17 6 5 7 3 9 2 99 92 89 85 61 19 31 23 87 29 4 15 72 73 35 50 56 25 86 88 91 90 94 96 97 95 13 16 22 12 11 1 100 98 93 10 8 14 24 21 20 26 41 47 45 40 49 54 55 59 65 67 62 63 68 71 79 78 82 80 74 69 64 51 58 66 70 81 84
geracao 5285: 84 81 70 66 60 57 53 34 36 42 38 52 44 39 32 33 48 46 43 37 30 27 28 18 17 6 5 7 3 9 2 99 92 89 85 61 19 31 23 87 29 4 15 72 73 35 50 56 25 86 88 91 90 94 96 97 95 13 16 22 12 11 1 100 98 93 10 8 14 24 21 20 26 41 47 45 40 49 54 55 59 65 67 62 63 68 71 79 78 82 80 74 69 64 51 58 75 76 77 83
geracao 5286: 84 81 70 66 60 57 53 34 36 42 38 52 44 39 32 33 48 46 43 37 30 27 28 18 17 6 5 7 3 9 2 99 92 89 85 61 19 31 23 87 29 4 15 72 73 35 50 56 25 86 88 91 90 94 96 97 95 13 16 22 12 11 1 100 98 93 10 8 14 24 21 20 26 41 47 45 40 49 54 55 59 65 67 62 63 68 58 51 64 69 74 80 82 78 79 71 75 76 77 83
geracao 5723: 34 36 42 38 52 44 39 32 33 48 46 43 37 30 27 28 18 17 6 5 7 3 9 2 99 92 89 85 61 19 31 23 87 29 4 15 72 73 35 50 56 25 86 88 91 90 94 96 97 95 13 16 22 12 11 1 100 98 93 10 8 14 24 21 20 26 41 47 45 40 49 54 55 59 65 67 62 63 68 58 51 64 69 74 80 82 78 79 71 75 76 77 83 84 81 70 66 60 57 53
geracao 5724: 84 81 70 66 60 57 53 34 36 42 38 52 44 39 32 33 48 46 43 37 30 27 28 18 17 6 5 7 3 9 2 99 92 89 85 61 19 31 23 87 29 4 15 72 73 35 50 56 25 86 88 91 90 94 96 97 95 13 16 22 12 11 1 100 98 93 10 8 14 24 21 20 26 41 47 45 40 49 54 55 59 65 67 62 63 68 58 51 64 69 74 80 82 78 79 71 75 76 77 83
geracao 5725: 34 36 42 38 52 44 39 32 33 48 46 43 37 30 27 28 18 17 6 5 7 3 9 2 99 92 89 85 61 19 31 23 87 29 4 15 72 73 35 50 56 25 86 88 91 90 94 96 97 95 13 16 22 12 11 1 100 98 93 10 8 14 24 21 20 26 41 47 45 40 49 54 55 59 65 67 62 63 68 58 51 64 69 74 80 82 78 79 71 75 76 77 83 84 81 70 66 60 57 53
geracao 5884: 36 42 38 52 44 39 32 33 48 46 43 37 30 27 28 18 17 6 5 7 3 9 2 99 92 89 85 61 19 31 23 87 29 4 15 72 73 35 50 56 25 86 88 91 90 94 96 97 95 13 16 22 12 11 1 100 98 93 10 8 14 24 21 20 26 41 47 45 40 49 54 55 59 65 67 62 63 68 58 51 64 69 74 80 82 78 79 71 75 76 77 83 84 81 70 66 60 57 53 34
geracao 5885: 34 36 42 38 52 44 39 32 33 48 46 43 37 30 27 28 18 17 6 5 7 3 9 2 99 92 89 85 61 19 31 23 87 29 4 15 72 73 35 50 56 25 86 88 91 90 94 96 97 95 13 16 22 12 11 1 100 98 93 10 8 14 24 21 20 26 41 47 45 40 49 54 55 59 65 67 62 63 68 58 51 64 69 74 80 82 78 79 71 75 76 77 83 84 81 70 66 60 57 53
geracao 6123: 46 43 37 30 27 28 18 17 6 5 7 3 9 2 99 92 89 85 61 19 31 23 87 29 4 15 72 73 35 50 56 25 86 88 91 90 94 96 97 95 13 16 22 12 11 1 100 98 93 10 8 14 24 21 20 26 41 47 45 40 49 54 55 59 65 67 62 63 68 58 51 64 69 74 80 82 78 79 71 75 76 77 83 84 81 70 66 60 57 53 34 36 42 38 52 44 39 32 33 48
geracao 6125: 46 43 37 30 27 28 18 17 6 5 7 3 9 2 99 92 89 85 61 19 31 23 87 29 4 15 72 73 35 50 56 25 86 88 91 90 94 96 97 95 13 16 22 12 11 1 100 98 93 10 8 14 24 21 20 26 41 47 45 40 49 54 55 59 65 67 62 63 68 58 51 64 69 74 80 82 78 79 71 75 76 77 83 84 81 70 66 60 57 53 34 36 42 52 38 44 39 32 33 48
geracao 6184: 46 43 37 30 27 28 18 17 6 5 7 3 9 2 99 92 89 85 61 19 31 23 87 29 4 15 72 73 35 50 56 25 86 88 91 90 94 96 97 95 13 16 22 12 11 1 100 98 93 10 8 14 24 21 20 26 41 47 45 40 49 54 55 59 65 67 62 63 68 58 51 64 69 74 80 82 78 79 71 75 76 77 83 84 81 70 66 60 57 52 42 36 34 53 38 44 39 32 33 48
geracao 6263: 46 43 37 30 27 28 18 17 6 5 7 3 9 2 99 92 89 85 61 19 31 23 87 29 4 15 72 73 35 50 56 25 86 88 91 90 94 96 97 95 13 16 22 12 11 1 100 98 93 10 8 14 24 21 20 26 41 47 45 40 49 54 55 59 65 67 62 63 68 58 51 64 69 74 80 82 78 79 71 75 76 77 83 84 81 70 66 60 57 52 53 34 36 42 38 44 39 32 33 48
geracao 6380: 30 27 28 18 17 6 5 7 3 9 2 99 92 89 85 61 19 31 23 87 29 4 15 72 73 35 50 56 25 86 88 91 90 94 96 97 95 13 16 22 12 11 1 100 98 93 10 8 14 24 21 20 26 41 47 45 40 49 54 55 59 65 67 62 63 68 58 51 64 69 74 80 82 78 79 71 75 76 77 83 84 81 70 66 60 57 52 53 34 36 42 38 44 39 32 33 48 46 43 37
geracao 6381: 46 43 37 30 27 28 18 17 6 5 7 3 9 2 99 92 89 85 61 19 31 23 87 29 4 15 72 73 35 50 56 25 86 88 91 90 94 96 97 95 13 16 22 12 11 1 100 98 93 10 8 14 24 21 20 26 41 47 45 40 49 54 55 59 65 67 62 63 68 58 51 64 69 74 80 82 78 79 71 75 76 77 83 84 81 70 66 60 57 52 53 34 36 42 38 44 39 32 33 48
geracao 6773: 46 43 37 30 27 28 18 17 6 5 7 3 9 2 99 92 89 85 61 19 31 23 87 29 4 15 72 73 35 50 56 25 86 88 91 90 94 96 97 95 13 16 22 12 11 1 100 98 93 10 8 14 24 21 20 26 41 47 45 49 54 55 59 65 67 62 63 68 58 51 64 69 74 80 82 78 79 71 75 76 77 83 84 81 70 66 60 57 52 53 34 36 42 38 44 39 32 33 48 40
geracao 7058: 17 6 5 7 3 9 2 99 92 89 85 61 19 31 23 87 29 4 15 72 73 35 50 56 25 86 88 91 90 94 96 97 95 13 16 22 12 11 1 100 98 93 10 8 14 24 21 20 26 41 47 45 49 54 55 59 65 67 62 63 68 58 51 64 69 74 80 82 78 79 71 75 76 77 83 84 81 70 66 60 57 52 53 34 36 42 38 44 39 32 33 48 40 46 43 37 30 27 28 18
geracao 7773: 17 6 5 7 3 9 2 99 92 89 85 61 19 31 23 87 29 4 15 72 73 35 50 56 25 86 88 91 90 94 96 97 95 13 16 22 12 11 1 100 98 93 10 8 14 24 21 20 26 41 47 45 49 54 55 59 65 67 62 63 68 64 69 74 80 82 78 79 71 75 76 77 83 84 81 70 66 60 57 52 53 58 51 34 36 42 38 44 39 32 33 48 40 46 43 37 30 27 28 18
geracao 8086: 17 6 5 7 3 9 2 99 92 89 85 61 19 31 23 87 29 4 15 72 73 35 50 56 25 86 88 91 90 94 96 97 95 13 16 22 12 11 1 100 98 93 10 8 14 24 21 20 26 41 47 45 49 54 55 59 65 67 62 63 68 64 69 74 80 82 78 79 71 75 76 77 83 84 81 70 66 60 57 52 58 53 51 34 36 42 38 44 39 32 33 48 40 46 43 37 30 27 28 18
geracao 8354: 17 6 5 7 3 9 2 99 92 85 61 19 31 23 87 29 4 15 72 73 35 50 56 25 86 88 91 90 94 96 97 95 13 16 22 12 11 1 100 98 89 93 10 8 14 24 21 20 26 41 47 45 49 54 55 59 65 67 62 63 68 64 69 74 80 82 78 79 71 75 76 77 83 84 81 70 66 60 57 52 58 53 51 34 36 42 38 44 39 32 33 48 40 46 43 37 30 27 28 18
geracao 8360: 7 3 9 2 99 92 85 61 19 31 23 87 29 4 15 72 73 35 50 56 25 86 88 91 90 94 96 97 95 13 16 22 12 11 1 100 98 89 93 10 8 14 24 21 20 26 41 47 45 49 54 55 59 65 67 62 63 68 64 69 74 80 82 78 79 71 75 76 77 83 84 81 70 66 60 57 52 58 53 51 34 36 42 38 44 39 32 33 48 40 46 43 37 30 27 28 18 17 6 5
geracao 9282: 7 3 9 2 99 92 85 61 19 31 23 87 29 4 15 72 73 35 50 56 25 86 88 91 90 94 96 97 95 13 12 11 1 100 98 89 93 10 8 14 24 21 20 26 41 47 45 49 54 55 59 65 67 62 63 68 64 69 74 80 82 78 79 71 75 76 77 83 84 81 70 66 60 57 52 58 53 51 34 36 42 38 44 39 32 33 48 40 46 43 37 30 27 28 16 22 18 17 6 5
geracao 9425: 7 3 9 2 99 92 85 61 19 31 23 87 29 4 15 72 73 35 50 56 25 86 88 90 94 96 97 95 13 12 11 1 91 100 98 89 93 10 8 14 24 21 20 26 41 47 45 49 54 55 59 65 67 62 63 68 64 69 74 80 82 78 79 71 75 76 77 83 84 81 70 66 60 57 52 58 53 51 34 36 42 38 44 39 32 33 48 40 46 43 37 30 27 28 16 22 18 17 6 5
geracao 9429: 7 3 9 2 99 92 85 61 19 31 23 87 29 4 15 72 73 35 50 56 25 86 88 90 94 96 97 95 13 12 11 1 98 100 91 89 93 10 8 14 24 21 20 26 41 47 45 49 54 55 59 65 67 62 63 68 64 69 74 80 82 78 79 71 75 76 77 83 84 81 70 66 60 57 52 58 53 51 34 36 42 38 44 39 32 33 48 40 46 43 37 30 27 28 16 22 18 17 6 5
geracao 9571: 7 3 9 2 99 92 85 61 19 31 23 87 29 4 15 72 73 35 50 56 25 86 88 90 94 96 97 95 13 12 11 1 98 100 91 89 93 10 8 14 24 21 20 26 41 47 45 49 54 55 59 65 67 62 63 68 64 69 74 80 82 78 79 71 75 76 77 83 84 81 70 66 60 57 52 58 53 51 34 36 42 38 44 39 32 33 48 40 46 43 37 30 27 28 22 16 18 17 6 5
geracao 9658: 7 3 9 2 99 92 85 61 19 31 23 87 29 4 15 72 73 35 50 56 25 86 88 90 94 96 97 95 13 12 11 1 98 100 91 89 93 10 8 14 24 21 20 26 41 47 49 54 55 59 65 67 62 63 68 64 69 74 80 82 78 79 71 75 76 77 83 84 81 70 66 60 57 52 58 53 51 34 36 42 38 44 39 32 33 48 45 40 46 43 37 30 27 28 22 16 18 17 6 5
geracao 9699: 7 3 9 2 99 92 85 61 19 31 23 87 29 4 15 72 73 35 50 56 25 86 88 90 94 96 97 95 13 12 11 1 98 100 91 89 93 10 8 14 24 21 20 26 41 47 49 54 55 59 65 67 62 63 68 64 69 74 80 82 78 79 71 75 76 77 83 84 81 70 66 60 57 52 58 53 51 34 36 42 38 44 39 32 33 45 48 40 46 43 37 30 27 28 22 16 18 17 6 5
geracao 9780: 7 3 9 2 99 92 85 61 19 31 23 87 29 4 15 72 73 35 50 56 25 86 88 90 94 96 97 95 13 12 11 1 100 98 91 89 93 10 8 14 24 21 20 26 41 47 49 54 55 59 65 67 62 63 68 64 69 74 80 82 78 79 71 75 76 77 83 84 81 70 66 60 57 52 58 53 51 34 36 42 38 44 39 32 33 45 48 40 46 43 37 30 27 28 22 16 18 17 6 5