Parametros iniciais:
	Taxa de crossover=0.5
	Taxa de mutacao=0.4
	Tamanho da Populacao inicial=100
	Tamanho da Subpopulacao (nao sofrem selecao)=20
	Operador de selecao=Roleta
	Candidatos a crossover=50
	Operador de crossover=OX
	Quantidade de cromossomos nao mutantes (segunda subpopulacao)=25
	Operador de mutacao=Alternativa
	Tamanho populacao corrente=145
	Diversidade minima=0.0
	Numero maximo de geracoes=10000
	Numero de threads=3
	Duracao=131s=2min=0h
Melhor Caminho:
 8 2 99 92 93 89 85 61 19 31 23 29 87 4 15 72 73 35 50 56 25 86 88 90 94 95 97 96 5 6 7 13 16 17 18 22 28 27 30 37 43 46 40 49 54 55 48 47 45 41 33 32 39 44 38 52 57 60 66 68 63 59 62 65 67 70 81 84 83 77 71 76 75 79 78 80 82 74 64 69 58 53 51 34 36 42 24 26 21 20 12 11 1 91 98 100 3 9 10 14
	Fitness=4.392582521212067E-5

Melhores caminhos adquiridos (ordem crescente de fitness):

geracao 0: 7 23 98 58 90 35 63 30 33 60 28 61 36 81 71 100 73 88 69 83 87 11 26 20 16 2 9 12 17 84 54 97 59 67 13 55 64 40 53 92 14 46 21 6 56 93 48 95 38 49 3 94 96 27 77 22 41 65 70 66 75 42 50 31 10 52 76 62 34 39 78 8 4 19 91 51 47 57 86 45 43 25 44 24 18 15 5 89 85 29 82 80 79 74 32 37 72 1 68 99
geracao 1: 52 10 31 87 11 26 20 16 2 9 12 17 84 58 98 23 7 99 68 1 72 37 32 74 79 80 82 29 85 89 54 97 59 67 13 55 64 40 53 92 14 46 21 6 56 93 48 95 38 49 3 94 96 27 77 22 41 65 70 66 75 42 50 83 69 88 73 100 71 81 36 61 28 60 33 30 63 35 90 25 44 24 18 15 5 43 45 86 57 47 51 91 19 4 8 78 39 34 62 76
geracao 2: 96 56 91 51 74 25 19 92 13 17 22 40 43 35 60 58 59 98 61 4 89 97 48 42 31 41 28 71 24 16 20 26 11 87 83 63 5 62 77 81 82 85 86 93 94 10 15 29 32 70 69 68 67 66 65 55 53 79 64 75 76 80 2 7 50 46 84 54 99 14 9 8 12 23 73 30 39 100 33 34 36 1 3 6 52 57 27 21 95 90 37 72 38 18 44 49 47 88 45 78
geracao 3: 21 27 57 52 6 3 1 36 34 33 100 39 30 73 60 58 59 98 61 4 89 97 48 42 31 41 28 71 24 16 20 26 11 87 83 63 5 62 77 81 82 85 86 93 94 10 15 29 32 70 69 68 67 66 65 55 53 79 64 75 76 80 2 7 50 46 84 54 99 14 9 8 12 23 35 43 40 22 17 13 92 19 25 74 51 91 56 96 78 45 88 47 49 44 18 38 72 37 90 95
geracao 4: 98 58 83 11 26 20 16 2 9 12 17 84 54 59 40 36 44 33 30 93 73 61 81 60 90 85 89 24 7 99 1 72 37 48 95 38 49 3 94 96 27 77 22 41 65 70 66 75 42 50 31 10 52 76 62 34 39 78 8 56 6 21 64 79 53 55 67 68 69 32 87 97 4 19 91 51 47 57 86 45 43 5 15 18 35 63 71 100 88 82 80 74 14 92 46 28 13 29 25 23
geracao 5: 44 18 38 72 37 90 95 21 27 71 28 41 31 42 48 97 89 4 61 98 59 58 60 35 43 40 83 84 46 50 7 2 80 76 75 64 79 53 55 65 66 67 68 69 70 32 29 92 13 17 22 51 74 25 19 15 10 94 93 86 85 82 81 77 62 5 63 54 99 14 9 8 12 23 73 30 39 100 33 34 36 1 3 6 52 57 24 16 20 26 11 87 91 56 96 78 45 88 47 49
geracao 6: 44 18 38 72 37 90 95 21 27 71 28 41 31 42 48 97 89 4 61 98 59 58 60 35 43 40 83 84 46 50 7 9 14 99 54 63 5 62 77 81 82 85 86 93 94 10 15 19 25 74 51 22 17 13 92 29 32 70 69 68 67 66 65 55 53 79 64 75 76 80 2 8 12 23 73 30 39 100 33 34 36 1 3 6 52 57 24 16 20 26 11 87 91 56 96 78 45 88 47 49
geracao 7: 57 24 16 20 26 36 34 33 100 39 30 58 59 98 61 4 89 97 11 87 73 23 50 7 2 80 76 75 64 79 53 55 65 66 67 68 69 70 83 63 5 62 77 81 82 85 86 93 94 10 15 29 32 46 84 54 99 14 9 51 74 25 19 92 13 17 22 40 43 35 60 8 12 27 21 95 90 37 72 38 18 44 49 47 88 45 78 96 56 91 48 42 31 41 28 71 1 3 6 52
geracao 8: 28 41 31 42 48 64 79 53 55 65 66 67 68 69 70 62 77 81 82 29 32 92 85 86 93 94 10 15 35 43 40 22 17 13 19 25 96 56 91 87 11 26 20 16 24 57 52 6 3 1 73 23 12 8 9 14 99 54 63 5 89 4 61 98 59 58 83 60 30 39 100 33 34 36 51 74 78 45 88 47 49 44 18 38 72 97 75 76 80 2 7 50 46 84 37 90 95 21 27 71
geracao 9: 94 93 86 85 27 21 95 97 73 45 78 96 56 91 87 11 26 20 16 24 57 52 6 7 2 80 76 75 64 79 53 55 65 66 67 68 69 70 83 63 5 62 77 81 82 10 15 29 88 47 49 44 18 38 3 1 23 12 8 9 14 99 54 84 46 41 28 71 32 51 74 25 19 92 13 17 22 48 42 31 50 72 37 90 89 4 61 98 59 58 60 30 39 100 33 34 36 40 43 35
geracao 10: 85 86 93 94 35 43 40 36 34 33 100 39 30 60 58 59 98 61 4 89 90 37 6 7 2 80 76 75 64 79 53 55 65 66 67 68 69 70 83 63 5 62 77 81 82 10 15 29 88 47 49 44 18 38 3 1 23 12 8 9 14 99 54 84 46 41 28 71 32 51 74 25 19 92 13 17 22 48 42 31 50 72 52 57 24 16 20 26 11 87 91 56 96 78 45 73 97 95 21 27
geracao 11: 24 16 20 73 45 78 53 55 60 30 39 100 33 34 36 40 43 35 94 93 86 85 27 21 95 97 48 42 31 50 72 37 65 66 67 68 69 70 83 63 5 62 77 81 82 10 15 29 88 47 49 44 18 38 3 1 23 12 8 9 14 99 54 84 46 41 28 71 32 51 74 25 19 92 13 17 22 26 11 87 91 56 96 90 89 4 61 98 59 58 79 64 75 76 80 2 7 6 52 57
geracao 12: 85 86 93 94 35 43 40 36 34 33 100 58 59 62 77 81 82 10 15 29 88 47 49 44 18 38 3 1 23 12 8 9 14 99 54 84 46 41 28 79 64 75 76 80 2 7 6 37 90 89 4 61 98 5 63 83 70 69 68 67 66 65 55 53 60 30 39 71 32 51 74 25 19 92 13 17 22 48 42 31 50 72 52 57 24 16 20 26 11 87 91 56 96 78 45 73 97 95 21 27
geracao 13: 63 83 70 69 68 67 66 65 55 30 39 100 33 34 36 40 43 35 94 93 86 85 99 14 9 8 12 23 1 3 38 18 44 49 47 88 29 15 10 82 81 77 62 5 52 57 24 16 20 26 11 87 91 56 96 78 45 73 97 95 21 27 54 84 46 41 28 71 32 51 74 25 19 92 13 17 22 48 42 31 50 72 37 90 89 4 61 98 59 58 60 53 79 64 75 76 80 2 7 6
geracao 14: 75 71 46 84 54 67 66 65 55 30 39 100 33 34 36 40 43 35 94 93 86 85 99 14 9 8 12 23 1 3 38 18 44 49 47 88 29 15 10 82 81 77 62 5 52 57 24 16 20 26 11 87 91 56 96 78 63 83 70 69 68 53 79 64 32 51 74 25 19 92 13 17 22 48 42 4 61 98 59 58 45 73 97 95 21 27 28 41 60 72 50 31 89 90 37 6 7 2 80 76
geracao 15: 2 7 6 37 90 89 4 61 98 5 63 83 70 69 68 67 66 65 55 53 71 39 30 46 84 54 99 14 9 8 12 38 18 44 49 47 88 29 15 10 32 51 74 25 19 92 13 17 22 48 42 24 16 20 26 11 87 91 56 96 97 28 41 60 57 52 72 50 31 23 1 3 36 40 78 45 73 95 21 27 85 86 93 94 35 43 34 33 100 58 59 62 77 81 82 79 64 75 76 80
geracao 16: 2 7 6 37 90 89 4 61 98 5 63 83 70 69 68 67 66 65 55 53 71 39 30 46 84 54 99 14 9 8 12 38 18 44 49 47 88 73 45 78 40 36 3 1 23 31 50 72 52 57 60 41 28 97 96 56 91 87 11 26 20 16 24 42 48 22 17 13 92 19 25 74 51 32 10 15 29 95 21 27 85 86 93 94 35 43 34 33 100 58 59 62 77 81 82 79 64 75 76 80
geracao 17: 32 34 36 40 43 35 94 93 86 85 99 14 9 8 88 29 15 10 52 57 22 17 13 92 19 25 74 78 53 73 97 95 21 27 72 50 31 37 12 23 1 3 38 18 44 49 68 69 70 83 63 64 79 58 59 42 48 5 62 77 81 82 67 66 65 24 16 20 26 33 28 41 47 55 60 30 39 100 11 87 91 56 96 90 89 4 61 98 45 6 7 2 80 76 75 71 46 84 54 51
geracao 18: 32 34 36 40 43 35 94 93 86 85 99 14 9 8 88 29 15 10 52 57 22 17 13 92 19 25 74 78 53 73 97 95 21 27 72 50 31 37 12 23 87 11 100 39 30 60 55 47 41 28 33 26 20 16 24 65 66 67 82 81 77 62 5 48 42 59 58 79 64 63 83 70 69 68 49 44 18 38 3 1 91 56 96 90 89 4 61 98 45 6 7 2 80 76 75 71 46 84 54 51
geracao 19: 28 7 6 37 90 89 4 61 98 5 63 83 70 69 68 67 66 65 55 53 71 39 30 46 84 54 99 14 9 8 12 26 20 16 24 42 48 22 17 13 92 19 25 10 15 29 88 47 49 44 18 38 74 51 32 11 87 91 56 96 73 97 95 21 27 85 86 93 94 35 2 80 76 75 64 79 82 81 77 62 59 58 100 33 34 43 45 78 40 36 3 1 23 31 50 72 52 57 60 41
geracao 21: 37 68 69 70 83 63 64 79 58 59 5 62 77 81 82 67 49 47 88 29 15 10 25 19 92 13 17 22 48 53 55 65 66 80 2 7 6 98 61 4 89 90 100 45 76 75 71 46 84 54 51 32 34 36 40 43 35 94 93 86 85 99 14 9 8 96 56 91 87 11 39 30 26 20 16 24 42 52 57 33 28 41 60 44 18 38 3 1 23 12 31 50 72 73 78 74 97 95 21 27
geracao 22: 71 46 84 54 12 15 29 88 47 49 44 18 38 74 51 32 73 97 95 21 27 10 25 19 92 13 17 22 48 53 55 65 66 80 2 7 6 98 61 4 89 90 100 60 41 28 33 57 52 42 24 16 20 26 30 39 11 87 91 56 96 8 9 14 99 85 86 93 94 35 43 40 76 75 64 79 82 81 77 62 59 58 34 45 78 36 3 1 23 31 50 72 37 5 63 83 70 69 68 67
geracao 23: 71 46 84 54 12 15 29 88 47 49 44 18 16 24 42 52 57 33 28 41 60 100 90 89 4 61 98 6 7 2 80 66 65 55 53 48 22 17 13 92 19 25 10 27 21 95 97 73 32 51 74 38 20 26 30 39 11 87 91 56 96 8 9 14 99 85 86 93 94 35 43 40 76 75 64 79 82 81 77 62 59 58 34 45 78 36 3 1 23 31 50 72 37 5 63 83 70 69 68 67
geracao 24: 93 86 85 99 14 9 8 92 19 25 10 15 29 88 47 49 67 82 81 77 62 5 59 58 79 64 63 83 70 69 68 37 27 21 95 97 36 34 32 51 54 84 46 71 75 76 45 100 90 89 4 61 98 6 7 2 80 66 65 55 53 48 22 17 13 96 56 91 87 11 39 30 26 20 16 24 42 52 57 33 28 41 60 44 18 38 3 1 23 12 31 50 72 73 78 74 40 43 35 94
geracao 25: 45 59 58 71 67 68 69 70 83 63 49 47 88 29 15 10 25 19 92 13 17 22 5 62 51 32 34 36 48 53 55 65 66 80 75 76 40 43 35 94 93 86 85 99 14 9 8 96 56 91 87 11 39 30 26 21 95 97 74 78 73 72 50 31 12 23 1 3 38 18 44 77 81 82 79 64 2 7 6 98 61 4 89 90 100 60 41 28 33 57 52 42 24 16 20 27 37 46 84 54
geracao 26: 45 59 58 71 67 68 69 70 83 63 49 47 88 29 15 10 25 19 92 13 17 22 5 62 41 28 33 57 52 42 24 16 20 26 30 39 11 87 91 56 96 8 9 14 99 85 86 93 94 35 43 40 76 75 80 66 65 55 53 48 36 34 32 51 60 100 90 89 4 61 98 6 7 2 64 79 82 81 77 44 18 38 3 1 23 12 31 50 72 73 78 74 97 95 21 27 37 46 84 54
geracao 28: 63 83 70 69 68 67 71 46 84 54 12 97 95 21 27 100 39 30 26 20 38 74 66 49 47 10 18 44 60 41 28 33 57 52 42 24 16 94 35 43 40 32 36 78 45 34 58 59 62 77 81 82 79 65 55 53 11 87 91 56 96 8 9 14 99 85 86 93 88 29 15 73 25 2 19 92 13 17 22 48 98 61 4 89 90 6 7 80 76 75 64 51 3 1 23 31 50 72 37 5
geracao 29: 96 5 22 17 13 92 19 25 10 15 29 88 47 49 63 83 70 69 68 67 71 58 59 45 54 84 46 37 27 21 95 97 16 24 42 52 57 33 28 41 60 100 90 89 4 61 98 6 7 2 64 75 80 66 65 55 53 48 36 34 32 51 62 8 9 14 99 85 86 93 94 35 43 40 76 79 82 81 77 44 18 38 3 1 23 12 31 50 72 73 78 74 20 26 30 39 11 87 91 56
geracao 30: 79 65 55 53 71 64 75 76 80 7 6 90 89 4 61 98 5 48 22 17 13 92 19 2 25 23 31 50 72 73 51 36 38 3 78 74 97 95 21 27 37 46 100 1 47 49 63 83 70 69 68 67 66 45 20 26 30 39 11 87 91 56 96 8 9 14 99 85 86 93 88 29 15 12 54 84 32 40 43 35 94 16 24 42 52 57 33 28 41 60 44 18 10 34 58 59 62 77 81 82
geracao 32: 59 58 34 10 18 44 60 41 28 33 57 52 42 24 16 94 35 43 22 17 13 92 19 2 25 23 31 50 72 73 51 36 38 3 78 74 97 95 21 27 37 46 100 1 47 49 63 83 70 69 68 67 66 45 20 26 30 39 11 87 91 56 96 8 9 14 99 85 86 93 88 29 15 12 54 84 32 40 48 5 98 61 4 89 90 6 7 80 76 75 64 71 53 55 65 79 82 81 77 62
geracao 33: 60 41 28 33 57 52 42 24 16 94 35 43 40 32 84 80 75 76 100 90 89 4 61 96 56 91 87 11 39 30 26 20 45 66 67 63 38 74 49 47 21 95 97 73 25 2 19 92 13 17 22 7 64 78 3 1 23 31 50 72 5 6 98 8 9 14 99 85 86 93 88 29 15 12 54 55 53 48 36 27 37 46 71 68 51 69 70 83 65 79 82 81 77 62 59 58 34 10 18 44
geracao 34: 79 65 55 53 71 64 49 47 1 100 46 37 27 21 95 97 74 78 3 38 36 51 73 72 50 31 23 25 2 19 92 13 17 22 12 15 29 88 93 86 85 99 14 9 8 96 56 91 87 11 39 30 26 20 45 66 67 68 69 70 83 63 75 76 80 7 6 90 89 4 61 98 5 48 54 84 32 40 43 35 94 16 24 42 52 57 33 28 41 60 44 18 10 34 58 59 62 77 81 82
geracao 35: 36 51 73 72 50 31 23 25 2 19 89 90 6 7 17 13 92 5 71 84 54 12 10 18 44 60 41 28 33 57 52 42 24 16 94 35 97 95 21 27 37 46 100 1 47 49 63 83 70 69 68 67 66 45 20 26 30 39 11 87 91 56 96 8 9 14 99 85 86 93 88 29 15 4 61 98 48 22 80 76 75 64 53 55 65 79 82 81 77 62 59 58 34 32 40 43 74 78 3 38
geracao 36: 38 3 78 74 97 95 21 27 37 46 100 1 47 49 63 83 70 69 68 67 66 45 24 42 52 57 33 28 41 48 5 98 61 4 89 90 6 7 73 72 50 31 23 25 2 19 92 13 17 22 43 35 94 16 20 26 30 39 11 87 91 56 96 8 9 14 99 85 86 93 88 29 15 12 54 84 32 40 60 44 18 10 34 58 59 62 77 81 82 79 65 55 53 71 64 75 76 80 51 36
geracao 39: 90 73 72 50 31 23 25 2 19 92 13 17 22 11 87 91 56 96 8 9 14 99 85 86 75 76 46 45 37 27 21 95 97 74 78 84 54 12 39 30 26 20 100 1 47 49 63 83 70 69 68 67 66 40 43 52 57 33 28 41 60 44 18 10 93 88 29 15 35 94 16 6 7 80 32 34 58 59 62 42 24 3 38 36 51 64 71 53 55 65 79 82 81 77 48 5 98 61 4 89
geracao 40: 64 71 53 36 51 97 95 21 27 37 46 24 42 52 57 33 100 1 47 49 63 83 70 69 75 76 80 28 41 48 5 98 61 4 89 90 6 7 73 72 50 31 23 25 2 19 92 13 17 22 43 35 94 16 20 26 30 39 11 87 91 56 96 8 9 14 99 85 86 93 88 29 15 12 54 84 32 40 45 55 65 79 82 81 77 62 59 58 34 10 18 44 60 74 78 3 38 66 67 68
geracao 41: 90 73 72 50 97 95 21 27 37 46 100 1 47 49 63 83 70 69 68 67 66 45 31 23 25 2 19 92 13 17 22 20 26 30 39 11 87 91 56 96 8 9 14 99 85 86 12 54 84 75 76 78 74 40 43 52 57 33 28 41 60 44 18 10 93 88 29 15 35 94 16 6 7 80 32 34 58 59 62 42 24 3 38 36 51 64 71 53 55 65 79 82 81 77 48 5 98 61 4 89
geracao 43: 83 63 49 47 1 100 46 37 27 21 95 97 50 72 73 90 89 4 61 98 5 48 77 81 13 17 22 20 26 30 39 11 87 91 56 96 8 9 14 99 85 86 12 54 84 75 76 78 74 82 79 65 55 7 6 16 94 35 15 29 88 93 10 18 44 60 41 28 33 57 52 43 40 80 32 34 58 59 62 42 24 3 38 36 51 64 71 53 92 19 2 25 23 31 45 66 67 68 69 70
geracao 44: 28 41 60 44 1 100 46 37 27 21 95 97 50 72 73 90 89 4 61 98 5 48 77 81 13 17 22 20 26 30 39 11 87 91 56 96 8 9 14 99 85 86 12 54 84 75 76 78 74 82 79 65 55 7 6 16 94 35 15 29 88 93 10 18 47 49 63 83 70 69 68 67 66 45 31 23 25 2 19 92 53 71 64 51 36 38 3 24 42 62 59 58 34 32 80 40 43 52 57 33
geracao 45: 83 63 49 47 8 9 14 99 85 86 12 54 84 75 76 78 74 82 79 65 55 7 6 16 94 35 15 29 98 61 4 89 90 73 72 50 97 95 21 27 37 46 100 1 96 56 91 87 11 39 30 26 20 22 17 13 81 77 48 5 88 93 10 18 44 60 41 28 33 57 52 43 40 80 32 34 58 59 62 42 24 3 38 36 51 64 71 53 92 19 2 25 23 31 45 66 67 68 69 70
geracao 47: 20 22 17 13 81 77 48 37 27 21 95 97 50 72 73 90 89 4 61 98 5 56 96 8 9 14 99 85 86 12 54 84 75 76 78 74 82 79 65 55 7 6 16 94 35 15 29 88 93 10 18 47 49 63 83 70 69 68 67 66 45 33 28 41 60 44 1 100 46 57 52 43 40 80 32 34 58 59 62 42 24 3 38 36 51 64 71 53 92 19 2 25 23 31 91 87 11 39 30 26
geracao 48: 20 55 65 79 82 74 78 76 75 84 54 12 86 85 99 14 9 8 96 56 5 98 61 4 89 90 73 72 50 97 95 21 27 37 48 77 81 13 17 22 7 6 16 94 35 15 29 88 93 10 18 47 49 63 83 70 69 68 67 66 45 33 28 41 60 44 1 100 46 57 52 43 40 80 32 34 58 59 62 42 24 3 38 36 51 64 71 53 92 19 2 25 23 31 91 87 11 39 30 26
geracao 49: 20 22 17 13 81 77 48 37 27 21 95 97 86 85 99 14 9 8 96 56 5 98 61 4 89 90 73 72 50 7 6 16 94 35 15 29 88 93 10 18 47 49 63 83 70 51 36 38 3 24 42 62 59 58 34 32 80 40 43 52 57 46 100 1 44 60 41 28 33 12 54 84 75 76 78 74 82 79 65 55 45 66 67 68 69 64 71 53 92 19 2 25 23 31 91 87 11 39 30 26
geracao 51: 20 22 17 13 81 77 48 37 27 21 95 97 86 85 99 14 9 8 96 56 50 72 73 90 89 4 61 98 5 7 6 16 94 35 15 29 88 93 10 18 44 60 41 28 33 57 52 43 40 80 32 34 58 59 62 42 24 3 38 36 51 70 83 63 49 47 1 100 46 12 54 84 75 76 78 74 82 79 65 55 45 66 67 68 69 64 71 53 92 19 2 25 23 31 91 87 11 39 30 26
geracao 52: 3 87 91 1 100 46 40 37 27 21 95 97 86 85 99 14 9 8 96 56 50 72 73 90 89 4 61 98 5 7 6 16 94 35 15 29 88 93 10 18 44 60 41 28 33 57 52 43 47 49 63 83 70 69 68 67 66 45 11 24 42 62 59 58 34 32 80 48 77 81 13 17 22 20 26 30 39 92 19 2 25 23 31 12 54 84 75 76 78 74 82 79 65 55 53 71 64 51 36 38
geracao 53: 20 22 17 13 81 77 48 37 27 21 95 97 86 85 99 14 9 8 96 56 50 72 73 90 89 4 61 98 5 7 6 16 94 35 15 29 88 93 10 18 44 60 41 28 33 57 52 43 47 49 63 83 70 69 68 67 66 45 11 24 42 62 59 58 34 32 80 53 71 64 51 36 38 3 87 91 1 100 46 40 55 65 79 82 74 78 76 75 84 54 12 31 23 25 2 19 92 39 30 26
geracao 55: 20 10 93 88 29 15 35 94 16 6 7 5 98 61 4 89 90 73 72 50 56 96 8 9 14 99 85 86 97 95 21 27 37 48 77 81 13 17 22 43 40 46 100 1 91 87 3 38 36 51 64 71 53 80 32 34 18 44 60 41 28 33 57 52 58 59 62 42 24 11 45 66 67 68 69 70 83 63 49 47 55 65 79 82 74 78 76 75 84 54 12 31 23 25 2 19 92 39 30 26
geracao 56: 33 57 52 43 47 49 48 37 27 21 95 97 86 85 99 14 9 8 96 56 50 72 73 90 89 4 61 98 5 7 6 16 94 35 15 29 88 93 100 1 91 87 3 38 36 51 64 71 53 80 32 34 58 59 62 42 24 11 45 66 67 68 69 70 83 63 77 81 13 17 22 20 26 30 39 92 19 2 25 23 31 12 54 84 75 76 78 74 82 79 65 55 40 46 10 18 44 60 41 28
geracao 57: 65 55 40 46 47 49 48 37 27 21 95 97 86 85 99 14 9 8 96 56 50 72 73 90 89 4 61 98 5 7 6 16 94 35 15 29 88 93 100 1 91 87 3 38 36 51 64 71 53 80 32 34 58 59 62 18 44 60 41 28 33 57 52 42 24 11 45 66 67 68 76 75 84 54 12 31 23 25 2 19 92 39 30 26 20 10 77 81 13 17 22 43 63 83 70 69 78 74 82 79
geracao 58: 65 55 40 46 47 49 48 37 27 21 95 97 86 85 99 14 9 8 96 56 50 72 73 90 89 4 61 98 5 7 6 16 94 35 15 29 88 93 100 1 91 87 3 38 36 51 10 20 26 30 39 92 19 2 25 23 31 12 54 84 75 76 68 67 66 45 11 24 42 52 57 33 28 41 60 44 18 62 59 58 34 32 80 53 71 64 77 81 13 17 22 43 63 83 70 69 78 74 82 79
geracao 59: 97 95 21 27 37 48 77 81 13 17 22 43 47 49 63 83 70 69 60 44 18 62 59 58 34 32 80 53 71 64 51 36 38 3 87 91 1 100 93 88 29 15 35 94 16 6 7 5 98 61 4 89 90 73 72 50 56 96 41 28 33 57 52 42 24 11 45 66 67 68 46 40 55 65 79 82 74 78 76 75 84 54 12 31 23 25 2 19 92 39 30 26 20 10 8 9 14 99 85 86
geracao 61: 100 1 91 87 3 38 36 51 64 71 53 80 32 34 58 59 62 18 44 60 69 70 83 63 49 47 43 22 17 13 81 77 48 37 27 21 95 97 86 88 29 15 35 94 16 6 7 5 98 61 4 89 90 73 72 50 56 96 41 28 33 57 52 42 24 11 45 66 67 68 46 40 55 65 79 82 74 78 76 75 84 54 12 31 23 25 2 19 92 39 30 26 20 10 8 9 14 99 85 93
geracao 64: 60 44 18 62 59 58 34 32 80 53 71 64 51 36 38 3 87 91 1 100 93 85 99 14 9 10 8 20 26 30 81 77 48 37 27 21 95 97 86 88 29 15 35 94 16 6 7 5 98 61 4 89 90 73 72 50 56 96 41 28 33 57 52 42 24 11 45 66 67 68 46 40 55 65 79 82 74 78 76 75 84 54 12 31 23 25 2 19 92 39 13 17 22 43 47 49 63 83 70 69
geracao 68: 3 24 42 52 57 38 36 51 64 71 53 80 32 34 58 59 62 18 44 60 69 70 83 63 49 47 43 22 17 13 81 77 48 37 27 21 95 97 86 88 29 15 35 94 16 6 7 5 98 92 19 2 25 23 31 12 61 4 89 93 85 99 14 9 8 10 20 26 30 39 54 84 75 76 78 74 82 79 65 55 40 46 68 67 66 45 11 33 28 41 96 56 50 72 73 90 100 1 91 87
geracao 69: 3 24 42 52 57 38 36 51 64 71 53 80 32 34 58 59 62 18 44 60 69 70 83 63 49 47 43 22 17 13 81 77 84 54 39 30 26 20 10 8 9 14 99 85 93 89 4 61 12 31 23 25 2 19 92 98 5 7 6 16 94 35 15 29 88 86 97 95 21 27 37 48 75 76 78 74 82 79 65 55 40 46 68 67 66 45 11 33 28 41 96 56 50 72 73 90 100 1 91 87
geracao 74: 73 72 50 56 96 41 28 33 11 45 66 67 68 84 54 39 30 18 44 60 69 70 83 63 49 47 43 22 17 13 81 77 48 37 27 21 95 97 86 88 29 15 35 94 16 6 7 5 98 92 19 2 25 23 31 12 61 4 89 93 85 99 14 9 8 10 20 26 75 76 78 74 82 79 65 55 40 46 62 59 58 34 32 80 53 71 64 51 36 38 57 52 42 24 3 87 91 1 100 90
geracao 76: 3 24 42 52 57 38 36 51 64 71 53 80 32 34 58 59 62 18 44 60 69 70 83 63 49 47 43 22 17 13 81 77 84 54 39 30 26 20 10 8 9 14 99 85 93 89 4 61 19 2 25 23 31 12 92 73 72 50 56 96 41 28 33 11 45 66 67 68 46 40 55 65 79 82 74 78 76 75 48 37 27 21 95 97 86 88 29 15 35 94 16 6 7 5 98 90 100 1 91 87
geracao 77: 3 24 42 52 57 38 36 51 64 71 53 80 32 34 58 59 62 18 44 60 69 70 83 63 49 47 43 22 17 13 40 46 68 67 66 45 11 33 28 41 96 56 50 72 73 92 12 31 23 25 2 19 61 4 89 93 85 99 14 9 8 10 20 26 30 39 54 84 77 81 55 65 79 82 74 78 76 75 48 37 27 21 95 97 86 88 29 15 35 94 16 6 7 5 98 90 100 1 91 87
geracao 78: 91 1 100 90 98 5 7 6 16 94 35 15 29 88 86 97 95 18 44 60 69 70 83 63 49 47 43 22 17 13 27 21 68 67 66 45 11 33 28 41 96 56 50 72 73 92 12 31 23 25 2 19 61 4 89 93 85 99 14 9 8 10 20 26 30 39 54 84 77 81 37 48 75 76 78 74 82 79 65 55 40 46 62 59 58 34 32 80 53 71 64 51 36 38 57 52 42 24 3 87
geracao 79: 91 1 100 90 98 5 7 6 16 94 35 15 29 31 23 25 2 19 61 4 89 93 85 99 14 9 8 10 20 26 27 21 68 67 66 45 11 33 28 41 96 56 50 72 73 92 12 88 86 97 95 18 44 60 69 70 83 63 49 47 43 22 17 13 81 77 84 54 39 30 37 48 75 76 78 74 82 79 65 55 40 46 62 59 58 34 32 80 53 71 64 51 36 38 57 52 42 24 3 87
geracao 82: 95 18 44 60 69 70 83 62 46 40 55 65 79 82 74 64 71 53 80 32 34 58 59 63 49 47 43 22 17 13 27 21 48 37 81 77 84 54 39 30 26 20 10 8 9 14 99 85 93 89 4 61 19 2 25 23 31 12 92 73 72 50 56 96 41 28 33 11 45 66 67 68 75 76 78 51 36 38 57 52 42 24 3 87 91 1 100 90 98 5 7 6 16 94 35 15 29 88 86 97
geracao 84: 95 18 44 60 69 70 83 62 46 40 55 65 79 82 74 64 71 53 80 32 34 58 59 63 49 47 43 22 17 13 27 21 48 37 81 77 84 54 39 30 26 20 10 8 9 14 99 85 93 89 4 61 19 2 72 50 56 96 41 28 33 11 45 66 67 68 75 76 78 51 36 38 57 52 42 24 3 87 91 1 100 90 98 5 7 6 16 94 35 15 29 31 23 25 73 92 12 88 86 97
geracao 86: 95 18 44 60 69 70 83 62 46 40 55 65 59 63 49 47 43 22 17 13 27 21 48 37 81 77 84 54 39 30 26 20 24 42 52 57 38 36 51 78 76 75 58 34 32 80 53 71 64 74 82 79 68 67 66 45 11 33 28 41 96 56 50 72 73 92 12 31 23 25 2 19 61 4 89 93 85 99 14 9 8 10 3 87 91 1 100 90 98 5 7 6 16 94 35 15 29 88 86 97
geracao 87: 95 18 44 60 69 70 83 62 46 40 55 65 79 82 74 64 71 53 80 32 34 58 59 63 49 47 43 22 17 13 27 21 48 37 81 77 84 54 39 30 26 20 45 66 67 68 75 76 78 51 36 38 57 52 42 24 3 87 91 1 100 90 98 5 7 6 16 94 35 15 29 31 61 4 89 93 85 99 14 9 8 10 11 33 28 41 96 56 50 72 2 19 23 25 73 92 12 88 86 97
geracao 88: 40 46 62 83 70 69 60 44 18 95 97 86 88 12 92 73 25 23 19 2 72 50 56 96 41 47 43 22 17 13 27 21 48 37 81 77 84 54 39 30 26 20 45 66 67 68 75 76 78 51 36 38 57 52 42 24 3 87 91 1 100 90 98 5 7 6 16 94 35 15 29 31 61 4 89 93 85 99 14 9 8 10 11 33 28 49 63 59 58 34 32 80 53 71 64 74 82 79 65 55
geracao 89: 95 18 44 45 20 26 30 39 54 84 77 81 37 48 21 27 13 17 22 43 47 49 63 59 58 34 32 80 53 71 64 74 82 79 65 55 40 46 62 83 70 69 60 66 67 68 75 76 78 51 36 38 57 52 42 24 3 87 91 1 100 90 98 5 7 6 16 94 35 15 29 31 61 4 89 93 85 99 14 9 8 10 11 33 28 41 96 56 50 72 2 19 23 25 73 92 12 88 86 97
geracao 90: 40 46 62 83 70 67 66 45 20 26 30 39 54 84 77 81 37 48 21 27 13 17 22 43 47 41 96 56 50 72 2 19 23 25 73 92 12 88 86 97 95 18 44 60 69 68 75 76 78 51 36 38 57 52 42 24 3 87 91 1 100 90 98 5 7 6 16 94 35 15 29 31 61 4 89 93 85 99 14 9 8 10 11 33 28 49 63 59 58 34 32 80 53 71 64 74 82 79 65 55
geracao 92: 40 46 62 83 70 67 66 45 20 26 30 39 54 84 77 81 37 48 21 27 13 17 22 43 47 41 96 16 6 7 5 98 90 100 1 91 87 3 24 42 52 57 38 36 51 78 76 75 68 69 60 44 18 95 97 86 88 12 92 73 25 23 19 2 72 50 56 94 35 15 29 31 61 4 89 93 85 99 14 9 8 10 11 33 28 49 63 59 58 34 32 80 53 71 64 74 82 79 65 55
geracao 93: 40 46 62 83 70 67 66 45 20 26 30 39 54 84 77 81 37 48 21 27 13 17 22 43 47 41 96 16 6 7 5 98 90 100 1 91 87 85 93 89 4 61 31 29 15 35 94 56 50 72 2 19 23 25 73 92 12 88 86 97 95 18 44 60 69 68 75 76 78 51 36 38 57 52 42 24 3 99 14 9 8 10 11 33 28 49 63 59 58 34 32 80 53 71 64 74 82 79 65 55
geracao 99: 40 46 62 83 70 67 66 45 20 26 30 39 54 84 77 81 37 48 21 27 13 17 22 43 47 41 96 16 6 7 5 98 90 100 1 91 87 85 99 3 24 42 52 57 38 36 51 78 76 75 68 69 80 32 34 58 59 63 49 28 33 11 10 8 9 14 93 89 4 61 31 29 15 35 94 56 50 72 2 19 23 25 73 92 12 88 86 97 95 18 44 60 53 71 64 74 82 79 65 55
geracao 104: 53 71 64 74 82 79 65 55 40 46 62 83 70 67 66 45 20 26 30 39 54 84 77 81 37 48 21 27 6 7 5 98 90 88 86 97 95 18 44 60 69 68 75 76 78 51 36 38 57 52 42 24 3 99 85 87 91 1 100 72 50 56 94 35 15 29 31 61 4 89 93 14 9 8 10 2 19 23 25 73 92 12 11 33 43 22 17 13 16 96 41 47 28 49 63 59 58 34 32 80
geracao 106: 18 95 97 86 88 90 98 5 7 6 27 21 48 37 81 77 84 54 39 30 26 20 45 66 67 70 83 62 46 40 55 65 79 82 74 64 71 53 80 60 69 68 75 76 78 51 36 38 57 52 42 24 3 99 85 87 91 1 100 72 50 56 94 35 15 29 31 61 4 89 93 14 9 8 10 2 19 23 25 73 92 12 11 33 43 22 17 13 16 96 41 47 28 49 63 59 58 34 32 44
geracao 109: 82 79 65 55 40 46 62 83 70 67 66 45 20 26 30 39 54 84 77 81 37 48 21 27 6 7 5 98 90 88 86 97 95 18 44 32 34 53 80 60 69 68 75 76 78 51 36 38 57 52 42 24 3 99 85 87 91 1 100 72 50 56 94 35 15 29 31 61 4 89 93 14 9 8 10 2 19 23 25 73 92 12 11 33 43 22 17 13 16 96 41 47 28 49 63 59 58 71 64 74
geracao 110: 18 95 97 86 88 90 98 5 7 6 27 42 52 57 38 36 51 78 76 75 68 69 60 80 53 71 64 74 82 79 65 55 40 46 62 83 70 67 66 45 20 26 30 11 12 92 73 25 23 19 2 10 8 9 14 93 89 4 61 31 29 15 35 94 56 50 72 100 1 91 87 85 99 3 24 21 48 37 81 77 84 54 39 33 43 22 17 13 16 96 41 47 28 49 63 59 58 34 32 44
geracao 111: 39 54 84 77 81 33 43 37 48 21 27 6 7 5 98 90 88 86 97 95 18 44 45 66 67 70 83 62 46 40 55 65 79 82 74 64 71 53 80 60 69 68 75 76 78 51 36 38 57 52 42 24 3 99 85 87 91 1 100 72 50 56 94 35 15 29 31 61 4 89 93 14 9 8 10 2 19 23 25 73 92 12 11 22 17 13 16 96 41 47 28 49 63 59 58 34 32 20 26 30
geracao 115: 66 45 44 18 95 97 86 88 90 98 5 7 6 27 21 48 37 43 33 81 77 84 54 39 30 26 20 32 34 58 59 63 79 82 74 64 71 53 80 60 69 68 75 76 78 51 36 38 57 52 42 24 3 99 85 87 91 1 100 72 50 56 94 35 15 29 31 61 4 89 93 14 9 8 10 2 19 23 25 73 92 12 11 22 17 13 16 96 41 47 28 49 65 55 40 46 62 83 70 67
geracao 118: 44 18 95 97 25 73 92 12 11 22 17 13 16 96 41 47 28 49 63 59 58 34 32 20 26 30 39 54 84 77 81 65 79 82 74 64 71 53 80 60 69 68 75 76 78 51 36 38 57 52 42 24 3 99 85 87 91 1 100 72 50 56 94 35 15 29 31 61 4 89 93 14 9 8 10 2 19 23 86 88 90 98 5 7 6 27 21 48 37 43 33 55 40 46 62 83 70 67 66 45
geracao 120: 96 16 13 17 22 11 12 92 73 25 97 95 18 44 45 66 67 70 83 62 46 40 55 33 43 37 48 54 84 77 81 65 79 82 74 64 71 53 80 60 69 68 75 76 78 51 36 38 57 52 42 24 3 99 85 87 91 1 100 72 50 56 94 35 15 29 31 61 4 89 93 14 9 8 10 2 19 23 86 88 90 98 5 7 6 27 21 39 30 26 20 32 34 58 59 63 49 28 47 41
geracao 126: 96 16 13 17 22 11 12 92 73 25 97 95 18 44 45 66 69 60 80 53 71 64 74 82 79 65 81 77 84 54 48 37 43 33 55 40 46 62 83 70 67 68 75 76 78 51 36 38 57 52 42 24 3 99 85 87 91 1 100 72 50 56 94 35 15 29 31 61 4 89 93 14 9 8 10 2 19 23 86 88 90 98 5 7 6 27 21 39 30 26 20 32 34 58 59 63 49 28 47 41
geracao 129: 77 81 65 79 82 74 64 71 53 80 60 69 66 45 44 18 95 97 25 73 92 12 11 22 17 13 16 96 41 47 28 49 63 59 55 40 46 62 83 70 67 68 75 76 78 51 36 38 57 52 42 24 3 99 85 87 91 1 100 72 50 56 94 35 15 29 31 61 4 89 93 14 9 8 10 2 19 23 86 88 90 98 5 7 6 27 21 39 30 26 20 32 34 58 33 43 37 48 54 84
geracao 132: 77 81 65 79 76 75 68 67 70 83 62 46 40 55 59 63 49 28 47 41 96 16 13 17 22 11 12 92 73 25 97 95 18 44 45 66 69 60 80 53 71 64 74 82 78 51 36 38 57 52 42 24 3 99 85 87 91 1 100 72 50 56 94 35 15 29 31 61 4 89 93 14 9 8 10 2 19 23 86 88 90 98 5 7 6 27 21 39 30 26 20 32 34 58 33 43 37 48 54 84
geracao 136: 77 81 65 79 76 75 68 67 70 83 62 46 40 55 59 63 49 28 47 41 96 16 13 17 22 11 12 92 61 31 29 15 35 94 56 50 72 100 1 91 87 85 99 3 24 42 52 57 38 36 51 78 82 74 64 71 53 80 60 69 66 45 44 18 95 97 25 73 4 89 93 14 9 8 10 2 19 23 86 88 90 98 5 7 6 27 21 39 30 26 20 32 34 58 33 43 37 48 54 84
geracao 138: 59 55 40 46 62 83 70 67 68 75 76 79 65 81 77 84 54 48 37 43 96 16 13 17 22 11 12 92 61 31 29 15 35 94 56 50 72 100 1 91 87 85 99 3 24 42 52 57 38 36 51 78 82 74 64 71 53 80 60 69 66 45 44 18 95 97 25 73 4 89 93 14 9 8 10 2 19 23 86 88 90 98 5 7 6 27 21 39 30 26 20 32 34 58 33 41 47 28 49 63
geracao 139: 45 55 40 46 62 83 70 67 68 75 76 79 65 81 77 84 54 48 37 43 96 16 13 17 22 11 12 92 61 31 29 15 35 94 56 50 72 100 1 91 87 85 99 3 24 42 52 57 38 36 51 78 82 74 64 71 53 80 60 69 66 59 63 49 28 47 41 33 58 34 32 20 26 30 39 21 27 6 7 5 98 90 88 86 23 19 2 10 8 9 14 93 89 4 73 25 97 95 18 44
geracao 140: 75 76 79 65 81 77 84 54 48 37 43 33 58 34 32 20 26 30 39 21 27 16 13 17 22 11 12 92 61 31 29 15 35 94 56 50 72 100 1 91 87 85 99 3 24 42 52 57 38 36 51 78 82 74 64 71 53 80 60 69 66 45 44 18 95 97 25 73 4 89 93 14 9 8 10 2 19 23 86 88 90 98 5 7 6 96 41 47 28 49 63 59 55 40 46 62 83 70 67 68
geracao 142: 75 76 79 65 81 77 84 54 48 37 43 33 58 34 32 20 26 30 39 21 27 16 13 17 18 44 45 66 69 60 80 53 71 64 74 82 78 51 36 38 57 52 42 24 3 99 85 87 91 1 100 72 50 56 94 35 15 29 31 61 92 12 11 22 95 97 25 73 4 89 93 14 9 8 10 2 19 23 86 88 90 98 5 7 6 96 41 47 28 49 63 59 55 40 46 62 83 70 67 68
geracao 148: 33 43 37 48 54 84 77 81 65 79 76 75 68 67 70 83 62 46 40 55 59 63 49 28 47 41 45 66 69 60 80 53 71 64 74 82 78 51 36 38 57 52 42 24 3 99 85 87 91 1 100 72 50 56 94 35 15 29 31 61 92 12 11 22 95 97 25 73 4 89 93 14 9 8 10 2 19 23 86 88 90 98 5 7 6 96 44 18 17 13 16 27 21 39 30 26 20 32 34 58
geracao 149: 33 43 37 48 54 84 77 81 65 79 76 75 68 67 70 83 62 46 40 55 59 63 49 28 47 41 45 66 69 60 80 53 71 64 74 82 78 51 36 38 57 52 42 24 3 99 85 87 91 1 100 72 50 56 94 86 23 19 2 10 8 9 14 93 89 4 73 25 97 95 22 11 12 92 61 31 29 15 35 88 90 98 5 7 6 96 30 39 21 27 16 13 17 18 44 26 20 32 34 58
geracao 154: 67 68 75 76 79 65 81 77 84 54 48 37 43 33 58 34 32 20 26 44 18 17 13 16 27 21 39 66 69 60 80 53 71 64 74 82 78 51 36 38 57 52 42 24 3 99 85 87 91 1 100 72 50 56 94 25 73 4 89 93 14 9 8 10 2 19 23 86 97 95 22 11 12 92 61 31 29 15 35 88 90 98 5 7 6 96 30 45 41 47 28 49 63 59 55 40 46 62 83 70
geracao 155: 67 68 75 76 79 65 81 77 84 54 48 37 43 33 58 34 32 20 26 44 18 17 13 16 27 21 39 66 69 60 80 53 71 64 74 82 78 51 36 38 57 52 42 24 3 99 85 87 91 1 100 72 50 56 94 86 23 19 2 10 8 9 14 93 89 4 73 25 97 95 22 11 12 92 61 31 29 15 35 88 90 98 5 7 6 96 30 45 41 47 28 49 63 59 55 40 46 62 83 70
geracao 160: 37 48 54 84 77 81 65 79 76 75 68 67 70 83 62 46 40 55 59 63 49 28 47 41 45 30 39 66 69 60 80 53 71 64 74 82 78 51 36 38 57 52 42 24 3 99 85 87 91 1 100 72 50 56 94 86 23 19 2 10 8 9 14 93 89 4 73 25 97 95 22 11 12 92 61 31 29 15 35 88 90 98 5 7 6 96 21 27 16 13 17 18 44 26 20 32 34 58 33 43
geracao 164: 37 48 54 84 77 81 65 79 76 75 68 67 70 83 62 46 40 55 59 63 49 28 47 41 45 30 39 66 69 60 80 53 71 64 74 82 78 51 36 38 57 52 42 24 3 99 85 87 91 1 100 72 50 56 94 86 23 19 2 10 8 9 14 93 89 4 73 25 97 95 22 11 12 92 61 31 29 15 35 88 90 98 5 7 6 96 18 17 13 16 27 21 44 26 20 32 34 58 33 43
geracao 170: 37 48 54 84 77 81 65 79 76 75 68 67 70 83 62 46 40 55 59 63 49 28 47 41 45 30 39 66 69 60 80 53 71 64 74 82 78 51 36 38 57 52 42 24 3 99 85 87 91 1 100 72 50 56 94 86 23 19 2 10 8 9 14 93 89 4 73 25 97 95 22 11 12 92 61 31 29 15 35 88 90 98 5 7 6 96 13 17 18 16 27 21 44 26 20 32 34 58 33 43
geracao 175: 37 48 54 84 77 81 65 79 76 75 68 67 70 83 62 46 40 55 59 63 49 28 47 41 45 30 39 66 53 71 69 60 80 64 74 82 78 51 36 38 57 52 42 24 3 99 85 87 91 1 100 72 50 56 94 86 23 19 2 10 8 9 14 93 89 4 73 25 97 95 22 11 12 92 61 31 29 15 35 88 90 98 5 7 6 96 18 17 13 16 27 21 44 26 20 32 34 58 33 43
geracao 176: 37 48 54 84 77 81 65 79 76 75 68 67 70 83 62 46 40 55 59 63 49 28 47 41 45 30 39 66 53 71 69 60 80 64 74 82 78 51 36 38 57 52 42 24 3 99 85 87 91 1 100 72 50 56 94 86 23 19 2 10 8 9 14 93 89 4 73 25 97 95 22 11 12 92 61 31 29 15 35 88 90 98 5 7 6 96 13 17 18 16 27 21 44 26 20 32 34 58 33 43
geracao 181: 37 48 54 84 77 81 65 79 76 75 68 67 70 83 62 46 40 55 59 63 49 28 47 41 45 30 39 53 71 66 69 60 80 64 74 82 78 51 36 38 57 52 42 24 3 99 85 87 91 1 100 72 50 56 94 86 23 19 2 10 8 9 14 93 89 4 73 25 97 95 22 11 12 92 61 31 29 15 35 88 90 98 5 7 6 96 13 17 18 16 27 21 44 26 20 32 34 58 33 43
geracao 182: 74 64 80 60 69 71 66 39 30 45 41 47 28 49 63 59 55 40 46 62 83 70 67 68 75 76 79 65 81 77 84 54 48 37 43 33 58 36 38 57 52 42 53 24 3 99 85 87 91 1 100 72 50 56 94 86 23 19 2 10 8 9 14 93 89 4 73 25 97 95 22 11 12 92 61 31 29 15 35 88 90 98 5 7 6 96 13 17 18 16 27 21 44 26 20 32 34 51 78 82
geracao 186: 74 64 80 69 71 66 39 30 45 41 47 28 49 63 59 55 40 46 62 83 70 67 68 75 76 79 65 81 77 84 54 48 37 43 33 58 53 42 52 57 38 36 60 24 3 99 85 87 91 1 100 72 50 56 94 86 23 19 2 10 8 9 14 93 89 4 73 25 97 95 22 11 12 92 61 31 29 15 35 88 90 98 5 7 6 96 13 17 18 16 27 21 44 26 20 32 34 51 78 82
geracao 189: 84 77 81 65 79 76 75 68 67 70 83 62 46 40 55 59 63 49 28 47 41 45 30 39 66 71 69 80 64 74 82 78 51 34 32 58 53 42 52 57 38 36 60 24 3 99 85 87 91 1 100 72 50 56 94 86 23 19 2 10 8 9 14 93 89 4 73 25 97 95 22 11 12 92 61 31 29 15 35 88 90 98 5 7 6 96 13 17 18 16 27 21 44 26 20 33 43 37 48 54
geracao 190: 58 33 43 37 48 54 84 77 81 65 79 76 75 68 67 70 83 62 46 40 55 59 63 49 28 47 41 45 30 39 66 71 69 80 64 74 82 78 52 57 38 36 60 24 3 99 85 87 91 1 100 72 50 56 94 86 23 19 2 10 8 9 14 93 89 4 73 25 97 95 22 11 12 92 61 31 29 15 35 88 90 98 5 7 6 96 13 17 18 16 27 21 44 26 20 32 34 51 42 53
geracao 200: 58 33 43 37 48 54 84 77 81 65 79 76 75 68 67 70 83 62 46 40 55 59 63 49 28 47 41 45 30 39 66 71 69 80 64 74 82 78 52 57 38 36 60 24 3 99 85 87 91 1 100 72 50 56 94 86 23 19 2 10 8 9 14 93 89 4 73 25 35 15 29 31 61 92 12 11 22 95 97 6 7 5 98 90 88 96 13 17 18 16 27 21 44 26 20 32 34 51 42 53
geracao 202: 58 79 76 75 68 67 70 83 62 46 40 55 59 63 49 28 47 65 81 77 84 54 48 37 43 33 41 45 30 39 66 71 69 80 64 74 82 78 52 57 38 36 60 24 3 99 85 87 91 1 100 72 50 56 94 86 23 19 2 10 8 9 14 93 89 4 73 25 35 15 29 31 61 92 12 11 22 95 97 6 7 5 98 90 88 96 13 17 18 16 27 21 44 26 20 32 34 51 42 53
geracao 219: 58 79 76 75 68 67 70 83 62 46 40 55 59 63 49 28 47 65 81 77 84 54 48 37 43 33 41 45 30 39 66 71 69 80 64 74 82 78 52 57 38 36 60 24 3 99 85 87 91 1 100 72 50 56 94 86 23 19 2 10 8 9 14 93 89 4 73 25 35 15 29 31 61 92 12 11 22 95 97 5 7 6 98 90 88 96 13 17 18 16 27 21 44 26 20 32 34 51 42 53
geracao 222: 69 71 66 39 30 45 41 33 43 37 48 54 84 77 81 65 47 49 63 59 55 40 46 62 83 70 67 68 75 76 79 58 53 42 51 34 52 57 38 36 60 24 3 99 85 87 91 1 100 72 50 56 94 86 23 19 2 10 8 9 14 93 89 4 73 25 35 15 29 31 61 92 12 11 28 22 95 97 6 7 5 98 90 88 96 13 17 18 16 27 21 44 26 20 32 78 82 74 64 80
geracao 230: 69 71 66 39 30 45 41 33 43 37 48 54 84 77 81 65 47 49 63 59 55 40 46 62 83 70 67 68 75 76 79 58 53 42 51 34 52 57 38 36 60 24 3 99 85 87 91 1 100 72 89 93 14 9 8 10 2 19 23 86 94 56 50 4 73 25 35 15 29 31 61 92 12 11 28 22 95 97 6 7 5 98 90 88 96 13 17 18 16 27 21 44 26 20 32 78 82 74 64 80
geracao 247: 69 71 66 39 30 45 41 33 43 37 48 54 84 77 81 83 62 46 40 55 59 63 49 47 65 70 67 68 75 76 79 58 53 42 51 34 52 57 38 36 60 24 3 99 85 87 91 1 100 72 89 93 14 9 8 10 2 19 23 86 94 56 50 4 73 25 35 15 29 31 61 92 12 11 28 22 95 97 6 7 5 98 90 88 96 13 17 18 16 27 21 44 26 20 32 78 82 74 64 80
geracao 269: 69 71 66 39 30 45 41 33 43 37 48 54 84 77 81 83 62 46 40 55 59 63 49 47 65 70 67 68 75 76 79 58 53 42 51 34 52 57 38 36 60 24 3 99 85 87 91 1 100 72 89 93 14 8 9 10 2 19 23 86 94 56 50 4 73 25 35 15 29 31 61 92 12 11 28 22 95 97 6 7 5 98 90 88 96 13 17 18 16 27 21 44 26 20 32 78 82 74 64 80
geracao 277: 69 71 66 39 30 45 41 33 43 37 48 54 84 77 81 83 62 46 40 55 59 63 49 47 65 70 67 68 75 76 79 58 53 42 51 34 52 57 38 36 60 24 3 99 85 23 19 2 10 9 8 14 93 89 72 100 1 91 87 86 94 56 50 4 73 25 35 15 29 31 61 92 12 11 28 22 95 97 6 7 5 98 90 88 96 13 17 18 16 27 21 44 26 20 32 78 82 74 64 80
geracao 282: 69 71 66 39 30 45 41 33 43 37 48 54 84 77 81 83 62 46 40 55 59 63 49 47 65 70 67 68 75 76 79 58 53 42 51 34 52 57 38 36 60 24 3 99 85 89 93 14 8 9 10 2 19 23 72 100 1 91 87 86 94 56 50 4 73 25 35 15 29 31 61 92 12 11 28 22 95 97 6 7 5 98 90 88 96 13 17 18 16 27 21 44 26 20 32 78 82 74 64 80
geracao 291: 62 55 59 63 49 47 65 70 67 68 75 76 79 58 53 42 51 34 52 57 38 36 60 24 3 99 92 61 31 29 15 35 25 73 4 50 56 94 86 87 85 89 93 91 1 100 72 23 19 2 10 9 8 14 95 97 6 7 5 98 90 88 96 13 17 18 16 27 21 44 26 20 32 78 82 74 64 80 69 71 66 39 45 41 33 43 46 40 22 28 11 12 30 37 48 54 84 77 81 83
geracao 293: 62 55 59 63 49 47 65 70 67 68 75 76 79 58 53 42 51 34 52 57 38 36 60 24 3 99 92 61 31 29 15 35 25 73 4 50 56 94 86 87 85 89 93 14 8 9 10 2 19 23 72 100 1 91 22 95 97 6 7 5 98 90 88 96 13 17 18 16 27 21 44 26 20 32 78 82 74 64 80 69 71 66 39 45 41 33 43 46 40 28 11 12 30 37 48 54 84 77 81 83
geracao 295: 49 47 65 70 67 68 75 76 79 58 53 42 51 34 52 57 38 36 60 24 3 99 92 61 31 29 15 35 25 73 4 50 56 85 89 93 14 8 9 10 2 19 23 72 100 1 91 87 86 94 12 11 28 22 95 97 6 7 5 98 90 88 96 13 17 18 16 27 21 44 39 66 71 69 80 64 74 82 78 32 20 26 30 45 41 33 43 37 48 54 46 40 84 77 81 83 62 55 59 63
geracao 296: 62 55 59 63 49 47 65 70 67 68 75 76 79 58 53 42 51 34 52 57 38 36 60 24 3 99 92 61 31 29 15 35 25 73 4 50 56 94 86 87 85 89 93 14 8 9 10 2 19 23 72 100 1 91 95 97 6 7 5 98 90 88 96 13 17 18 16 27 21 44 26 20 32 78 82 74 64 80 69 71 66 39 45 41 33 43 46 40 22 28 11 12 30 37 48 54 84 77 81 83
geracao 300: 62 55 59 63 49 47 65 70 67 68 75 76 79 58 53 42 51 34 52 57 38 36 60 24 3 99 92 61 31 29 15 35 25 73 4 50 56 94 86 87 85 89 93 14 8 9 10 2 19 23 72 100 1 91 95 97 6 7 5 98 90 88 96 13 17 18 16 27 21 44 39 66 71 69 80 64 74 82 78 32 22 28 11 12 20 26 30 45 41 33 43 37 48 54 46 40 84 77 81 83
geracao 301: 63 59 55 62 83 81 77 84 54 48 37 30 12 11 28 22 40 46 43 33 41 45 60 24 3 99 92 61 31 29 15 35 25 73 4 50 56 94 86 87 85 89 93 14 8 9 10 2 19 23 72 100 1 91 95 97 6 7 5 98 90 88 96 13 17 18 16 27 21 44 39 66 71 69 80 64 74 82 78 32 20 26 36 38 57 52 34 51 42 53 58 79 76 75 68 67 70 65 47 49
geracao 302: 65 70 67 68 75 76 79 58 53 42 51 34 52 57 38 36 26 20 32 33 41 45 60 24 3 99 92 61 31 29 15 35 25 73 4 50 56 94 86 87 85 89 93 14 8 9 10 2 19 23 72 100 1 91 95 97 6 7 5 98 90 88 96 13 17 18 16 27 21 44 39 66 71 69 80 64 74 82 78 43 46 40 22 28 11 12 30 37 48 54 84 77 81 83 62 55 59 63 49 47
geracao 304: 65 70 67 68 75 76 79 58 53 42 51 34 52 57 38 36 26 20 32 33 41 45 60 24 3 99 92 61 31 29 15 35 25 73 4 50 56 94 86 87 85 89 93 14 8 9 10 2 19 23 72 100 1 91 95 97 6 7 5 98 90 88 96 13 17 18 16 27 21 44 39 66 71 69 80 64 74 82 78 63 59 55 62 83 81 77 84 54 48 37 30 12 11 28 22 40 46 43 49 47
geracao 314: 75 76 79 58 53 42 51 34 52 57 38 36 26 20 32 33 41 45 60 24 28 22 12 11 3 99 92 61 31 29 15 35 25 73 4 50 56 94 86 87 85 89 93 14 8 9 10 2 19 23 72 100 1 91 95 97 6 7 5 98 90 88 96 13 17 18 16 27 21 44 39 66 71 69 80 64 74 82 78 40 46 43 30 37 48 54 84 77 81 83 62 55 59 63 49 47 65 70 67 68
geracao 315: 82 74 64 80 69 71 66 39 44 32 37 30 28 11 91 1 100 72 23 19 2 10 9 8 14 93 89 85 87 86 94 56 50 4 73 25 35 15 29 31 61 92 99 3 24 60 45 41 33 43 46 40 22 12 95 97 6 7 5 98 90 88 96 13 17 18 16 27 21 20 26 36 38 57 52 34 51 42 53 58 79 76 75 68 67 70 65 47 49 48 54 84 77 81 83 62 55 59 63 78
geracao 317: 82 74 64 80 69 71 66 39 44 32 43 33 41 45 60 24 3 99 92 61 31 29 15 35 25 73 4 50 56 94 86 87 85 89 93 14 8 9 10 2 19 23 72 100 1 91 11 28 30 37 46 40 22 12 95 97 6 7 5 98 90 88 96 13 17 18 16 27 21 20 26 36 38 57 52 34 51 42 53 58 79 76 75 68 67 70 65 47 49 48 54 84 77 81 83 62 55 59 63 78
geracao 319: 82 74 64 80 69 71 66 39 44 32 37 30 28 24 60 45 41 33 43 46 40 22 12 11 3 99 92 61 31 29 15 35 25 73 4 50 56 94 86 87 85 89 93 14 8 9 10 2 19 23 72 100 1 91 95 97 6 7 5 98 90 88 96 13 17 18 16 27 21 20 26 36 38 57 52 34 51 42 53 58 79 76 75 68 67 70 65 47 49 48 54 84 77 81 83 62 55 59 63 78
geracao 320: 82 74 64 80 69 71 66 39 44 32 43 33 41 45 60 24 28 30 37 46 40 22 12 11 3 99 92 61 31 29 15 35 25 73 4 50 56 94 86 87 85 89 93 14 8 9 10 2 19 23 72 100 1 91 95 97 6 7 5 98 90 88 96 13 17 18 16 27 21 20 26 36 38 57 52 34 51 42 53 58 79 76 75 68 67 70 65 47 49 48 54 84 77 81 83 62 55 59 63 78
geracao 322: 48 49 47 65 70 67 68 75 76 79 58 53 42 51 34 24 28 30 37 46 40 22 12 11 3 99 92 61 31 29 15 35 25 73 4 50 56 94 86 87 85 89 93 14 8 9 10 2 19 23 72 100 1 91 95 97 6 7 5 98 90 88 96 13 17 18 16 27 21 20 26 36 38 57 52 60 45 41 33 43 32 44 39 66 71 69 80 64 74 82 78 63 59 55 62 83 81 77 84 54
geracao 323: 54 84 77 81 83 62 55 59 63 78 82 74 64 80 69 71 66 39 44 32 40 22 12 11 3 99 92 61 31 29 15 35 25 73 4 50 56 94 86 87 85 89 93 14 8 9 10 2 19 23 72 100 1 91 95 97 6 7 5 98 90 88 96 13 17 18 16 27 21 20 26 36 38 57 52 60 45 41 33 43 46 37 30 28 24 34 51 42 53 58 79 76 75 68 67 70 65 47 49 48
geracao 346: 54 84 77 81 83 62 55 59 63 78 82 74 64 80 69 71 66 39 44 32 40 22 12 11 3 99 92 61 31 29 15 35 25 73 4 50 56 94 86 87 85 89 93 14 8 9 10 2 19 23 72 100 1 91 95 97 6 7 5 98 90 88 96 13 17 18 16 27 21 20 26 36 38 42 51 34 24 28 30 37 46 43 33 41 45 60 52 57 53 58 79 76 75 68 67 70 65 47 49 48
geracao 352: 76 79 58 53 42 51 34 24 28 30 37 46 43 45 60 39 41 33 44 32 40 22 12 11 3 99 92 61 31 29 15 35 25 73 4 50 56 94 86 87 85 89 93 14 8 9 10 2 19 23 72 100 1 91 95 97 6 7 5 98 90 88 96 13 17 18 16 27 21 20 26 36 38 52 57 78 82 74 64 80 69 71 66 63 59 55 62 83 81 77 84 54 48 49 47 65 70 67 68 75
geracao 362: 64 74 82 78 57 60 39 41 33 44 32 28 30 37 46 43 45 52 38 36 40 22 12 11 3 99 92 61 31 29 15 35 25 73 4 50 56 94 86 87 85 89 93 14 8 9 10 2 19 23 72 100 1 91 95 97 6 7 5 98 90 88 96 13 17 18 16 27 21 20 26 24 34 51 42 53 58 79 76 75 68 67 70 65 47 49 48 54 84 77 81 83 62 55 59 63 66 71 69 80
geracao 390: 69 80 64 74 82 78 57 60 39 44 32 28 30 37 46 43 45 52 38 36 40 22 12 11 3 99 92 61 31 29 15 35 25 73 4 50 56 94 86 87 85 89 93 14 8 9 10 2 19 23 72 100 1 91 95 97 6 7 5 98 90 88 96 13 17 18 16 27 41 33 21 20 26 24 34 51 42 53 58 79 76 75 68 67 70 65 47 49 48 54 84 77 81 83 62 55 59 63 66 71
geracao 394: 59 63 66 71 69 80 64 74 82 78 57 60 39 44 32 28 30 37 46 43 40 22 12 11 3 99 92 61 31 29 15 35 25 73 4 50 56 94 86 87 85 89 93 14 8 9 10 2 19 23 72 100 1 91 95 97 6 7 5 98 90 88 96 13 17 18 16 27 41 33 21 20 26 24 34 51 42 53 52 45 36 38 58 79 76 75 68 67 70 65 47 49 48 54 84 77 81 83 62 55
geracao 398: 59 63 66 71 69 80 64 74 82 78 57 60 39 44 32 28 30 37 46 43 40 22 12 11 3 99 92 61 31 29 15 35 25 73 4 50 56 94 86 87 85 89 93 14 8 9 10 2 19 23 72 100 1 91 95 97 6 7 5 98 90 88 96 13 17 18 16 27 41 33 21 20 26 24 34 51 42 53 58 79 76 75 68 67 70 65 47 49 36 38 52 45 48 54 84 77 81 83 62 55
geracao 419: 59 63 66 71 69 80 64 74 82 78 60 57 39 44 32 28 30 37 46 43 40 22 12 11 3 99 92 61 31 29 15 35 25 73 4 50 56 94 86 87 85 89 93 14 8 9 10 2 19 23 72 100 1 91 95 97 6 7 5 98 90 88 96 13 17 18 16 27 41 33 21 20 26 24 34 51 42 53 58 79 76 75 68 67 70 65 47 49 36 38 52 45 48 54 84 77 81 83 62 55
geracao 444: 78 68 75 76 79 58 53 36 38 52 60 57 39 44 32 28 30 37 46 43 40 22 12 11 3 99 92 61 31 29 15 35 25 73 4 50 56 94 86 87 85 89 93 14 8 9 10 2 19 23 72 100 1 91 95 97 6 7 5 98 90 88 96 13 17 18 16 27 41 33 21 20 26 24 34 51 42 49 47 65 70 67 45 48 54 84 77 81 83 62 55 59 63 66 71 69 80 64 74 82
geracao 450: 70 65 47 49 69 80 64 74 82 78 60 57 39 44 32 28 30 37 46 43 40 22 12 11 3 99 92 61 31 29 15 87 86 94 56 50 4 73 25 35 85 89 93 14 8 9 10 2 19 23 72 100 1 91 95 97 6 7 5 98 90 88 96 13 17 18 16 27 41 33 21 20 26 24 34 52 38 36 42 51 53 58 79 76 75 68 71 66 63 59 55 62 83 81 77 84 54 48 45 67
geracao 451: 70 65 47 49 69 80 64 74 82 78 60 57 39 44 32 28 30 37 46 43 40 22 12 11 3 99 92 61 31 29 15 35 25 73 4 50 56 94 86 87 85 89 93 14 8 9 10 2 19 23 72 100 1 91 95 97 6 7 5 98 90 88 96 13 17 18 16 27 41 33 21 20 26 24 34 52 38 36 42 51 53 58 79 76 75 68 71 66 63 59 55 62 83 81 77 84 54 48 45 67
geracao 453: 63 66 71 69 80 64 74 82 78 60 57 32 28 30 37 46 43 40 22 5 7 6 97 95 91 1 100 72 23 19 2 10 9 8 14 93 89 85 35 25 73 4 50 56 94 86 87 15 29 31 61 92 99 3 11 12 26 20 21 98 90 88 96 13 17 18 16 27 41 33 24 34 51 42 44 39 52 38 36 53 58 79 76 75 68 67 70 65 47 49 45 48 54 84 77 81 83 62 55 59
geracao 455: 63 66 71 69 80 64 74 82 78 60 57 32 28 30 37 46 43 40 22 21 20 26 12 11 3 99 92 61 31 29 15 35 25 73 4 50 56 94 86 87 85 89 93 14 8 9 10 2 19 23 72 100 1 91 95 97 6 7 5 98 90 88 96 13 17 18 16 27 41 33 24 34 51 42 36 38 52 39 44 53 58 79 76 75 68 67 70 65 47 49 45 48 54 84 77 81 83 62 55 59
geracao 457: 63 66 71 69 80 64 74 82 78 60 57 32 28 30 37 46 43 40 22 5 7 6 97 95 91 1 100 72 23 19 2 10 9 8 14 93 89 85 87 86 94 56 50 4 73 25 35 15 29 31 61 92 99 3 11 12 26 20 21 98 90 88 96 13 17 18 16 27 41 33 24 34 51 42 36 38 52 39 44 53 58 79 76 75 68 67 70 65 47 49 45 48 54 84 77 81 83 62 55 59
geracao 461: 63 66 71 69 80 64 74 82 78 60 57 32 28 30 37 46 43 40 22 21 20 26 12 11 3 99 92 61 31 29 15 35 25 73 4 50 56 94 6 7 5 98 90 88 86 87 85 89 93 14 8 9 10 2 19 23 72 100 1 91 95 97 96 13 17 18 16 27 41 33 24 34 51 42 36 38 52 39 44 53 58 79 76 75 68 67 70 65 47 49 45 48 54 84 77 81 83 62 55 59
geracao 464: 63 66 71 69 80 64 74 82 78 60 57 32 28 30 37 46 43 40 22 12 11 3 99 92 61 31 29 15 35 25 73 4 50 56 94 6 7 5 98 90 88 86 87 85 89 93 14 8 9 10 2 19 23 72 100 1 91 95 97 96 13 17 18 16 27 21 20 26 41 33 24 34 51 42 36 38 52 39 44 53 58 79 76 75 68 67 70 65 47 49 45 48 54 84 77 81 83 62 55 59
geracao 490: 63 66 71 69 80 64 74 82 78 60 57 32 28 30 37 46 43 40 22 12 11 3 99 92 61 31 29 15 35 25 73 4 50 56 94 6 7 5 98 90 88 86 87 85 89 93 14 8 9 10 2 19 23 72 100 1 91 95 97 96 13 17 18 16 27 21 20 26 41 33 24 34 51 42 36 52 38 39 44 53 58 79 76 75 68 67 70 65 47 49 45 48 54 84 77 81 83 62 55 59
geracao 491: 63 66 71 69 80 64 74 82 78 60 57 32 28 30 37 46 43 40 22 12 11 3 99 92 61 31 29 15 35 25 73 4 50 56 94 6 7 5 98 90 88 86 87 85 89 93 14 8 9 10 2 19 23 72 100 1 91 95 97 96 13 17 18 16 27 21 20 26 41 33 24 34 51 42 36 38 52 39 44 53 58 79 76 75 68 67 70 65 49 47 45 48 54 84 77 81 83 62 55 59
geracao 492: 63 66 71 69 80 64 74 82 78 60 57 32 28 30 37 46 43 40 22 12 11 3 99 92 61 31 29 15 35 25 73 4 50 56 94 6 7 5 98 90 88 86 87 85 89 93 14 8 9 10 2 19 23 72 100 1 91 95 97 96 13 17 18 16 27 21 20 26 41 33 24 34 51 42 36 52 38 39 44 53 58 79 76 75 68 67 70 65 49 47 45 48 54 84 77 81 83 62 55 59
geracao 521: 63 66 71 69 80 64 74 82 78 60 57 32 28 30 37 46 43 40 22 12 11 3 99 92 93 89 85 87 94 6 7 5 98 90 88 86 56 50 4 73 25 35 15 29 31 61 14 8 9 10 2 19 23 72 100 1 91 95 97 96 13 17 18 16 27 21 20 26 41 33 24 34 51 42 36 52 38 39 44 53 58 79 76 75 68 67 70 65 49 47 45 48 54 84 77 81 83 62 55 59
geracao 535: 80 64 74 82 78 60 57 32 26 20 21 27 28 30 37 46 43 40 22 12 11 3 99 92 93 89 85 87 94 6 7 5 98 90 88 86 56 50 4 73 25 35 15 29 31 61 14 8 9 10 2 19 23 72 100 1 91 95 97 96 13 17 18 16 41 33 24 34 51 42 36 52 38 39 44 53 58 79 76 75 68 67 70 65 49 47 45 48 54 84 77 81 83 62 55 59 63 66 71 69
geracao 540: 80 64 74 82 78 60 57 32 26 20 21 27 28 30 37 46 43 40 22 12 11 3 99 92 93 89 85 87 94 6 7 5 98 90 88 86 56 50 4 73 25 35 15 29 31 61 14 8 9 10 2 19 23 72 100 1 91 95 97 96 13 17 18 16 41 33 24 42 51 34 36 52 38 39 44 53 58 79 76 75 68 67 70 65 49 47 45 48 54 84 77 81 83 62 55 59 63 66 71 69
geracao 542: 80 64 74 82 78 60 57 32 26 20 21 27 28 30 37 46 43 40 22 12 11 3 2 10 9 8 14 61 31 29 15 35 25 73 4 50 56 86 88 90 98 5 7 6 94 87 85 89 93 92 99 19 23 72 100 1 91 95 97 96 13 17 18 16 41 33 24 42 51 34 36 52 38 39 44 53 58 79 76 75 68 67 70 65 49 47 45 48 54 84 77 81 83 62 55 59 63 66 71 69
geracao 552: 80 64 74 82 78 60 57 32 26 20 21 27 28 30 37 46 43 40 22 12 11 3 2 10 9 8 14 61 31 29 15 35 25 73 4 50 56 86 88 90 98 5 7 6 94 87 85 89 93 92 99 19 23 72 100 1 91 95 97 96 13 17 18 16 41 33 24 42 44 39 38 52 36 34 51 53 58 79 76 75 68 67 70 65 49 47 45 48 54 84 77 81 83 62 55 59 63 66 71 69
geracao 554: 60 57 32 26 20 21 27 28 30 37 46 43 40 22 12 11 3 2 10 9 8 14 61 31 29 15 35 25 73 4 50 56 86 88 90 98 5 7 6 94 87 85 89 93 92 99 19 23 72 100 1 91 95 97 96 13 17 18 16 41 33 24 42 44 39 38 52 36 34 51 53 58 79 76 75 68 67 70 65 49 47 45 48 54 84 77 81 83 62 55 59 63 66 71 69 80 64 74 82 78
geracao 572: 44 42 32 26 20 21 27 28 30 37 46 43 40 22 12 11 3 2 10 9 8 14 61 31 29 15 35 25 73 4 50 56 86 88 90 98 5 7 6 94 87 85 89 93 92 99 19 23 72 100 1 91 95 97 96 13 17 18 16 41 33 24 36 34 51 53 58 79 76 75 68 67 70 65 49 47 45 48 54 84 77 81 83 62 55 59 63 66 71 69 80 64 74 82 78 60 57 52 38 39
geracao 573: 60 57 32 26 20 21 27 28 30 37 46 43 40 22 12 11 3 2 10 9 8 14 61 31 29 15 35 25 73 4 50 56 86 88 90 98 5 7 6 94 87 85 89 93 92 99 19 23 72 100 1 91 95 97 96 13 17 18 16 24 33 41 39 44 42 38 52 36 34 51 53 58 79 76 75 68 67 70 65 49 47 45 48 54 84 77 81 83 62 55 59 63 66 71 69 80 64 74 82 78
geracao 577: 60 57 32 26 20 21 27 28 30 37 46 43 40 22 12 11 3 2 10 9 8 14 61 31 29 15 72 23 19 99 92 93 89 85 87 35 25 73 4 50 56 86 88 90 98 5 7 6 94 100 1 91 95 97 96 13 17 18 16 24 33 41 39 44 42 38 52 36 34 51 53 58 79 76 75 68 67 70 65 49 47 45 48 54 84 77 81 83 62 55 59 63 66 71 69 80 64 74 82 78
geracao 578: 60 57 32 26 20 21 28 27 30 37 46 43 40 22 12 11 3 2 10 9 8 14 61 31 29 15 72 23 19 99 92 93 89 85 87 35 25 73 4 50 56 86 88 90 98 5 7 6 94 100 1 91 95 97 96 13 17 18 16 24 33 41 39 44 42 38 52 36 34 51 53 58 79 76 75 68 67 70 65 49 47 45 48 54 84 77 81 83 62 55 59 63 66 71 69 80 64 74 82 78
geracao 585: 44 39 32 26 20 21 28 27 30 37 46 43 40 22 12 11 3 2 10 9 8 14 61 31 29 15 72 23 19 99 92 93 89 85 87 35 25 73 4 50 56 86 88 90 98 5 7 6 94 100 1 91 95 97 96 13 17 18 16 24 33 41 57 60 78 82 74 64 80 69 71 66 63 59 55 62 83 81 77 84 54 48 45 47 49 65 70 67 68 75 76 79 58 53 51 34 36 52 38 42
geracao 589: 44 39 32 26 20 21 28 27 30 37 46 43 40 22 12 11 3 2 10 9 8 14 61 31 29 15 72 23 19 99 92 93 89 85 87 35 25 73 4 50 56 86 88 90 98 5 7 6 94 100 1 91 95 97 96 13 17 18 16 24 33 41 57 60 78 82 74 64 80 69 71 66 63 59 55 49 47 45 48 54 84 77 81 83 62 65 70 67 68 75 76 79 58 53 51 34 36 52 38 42
geracao 596: 44 39 32 26 20 21 28 27 30 37 46 43 40 22 12 11 3 2 10 9 8 14 61 31 29 15 72 23 19 99 92 93 89 85 87 35 25 73 4 50 56 86 88 90 1 100 94 6 7 5 98 91 95 97 96 13 17 18 16 24 33 41 57 60 78 82 74 64 80 69 71 66 63 59 55 49 47 45 48 54 84 77 81 83 62 65 70 67 68 75 76 79 58 53 51 34 36 52 38 42
geracao 603: 44 39 32 26 20 21 28 27 30 37 46 43 40 22 12 11 3 2 10 9 8 14 61 31 29 15 72 23 19 99 92 93 89 85 87 35 25 73 4 50 56 86 88 90 100 1 94 6 7 5 98 91 95 97 96 13 17 18 16 24 33 41 57 60 78 82 74 64 80 69 71 66 63 59 55 49 47 45 48 54 84 77 81 83 62 65 70 67 68 75 76 79 58 53 51 34 36 52 38 42
geracao 609: 44 39 32 26 20 21 28 27 30 37 46 43 40 22 12 11 3 2 10 9 8 14 61 31 29 15 72 23 19 99 92 93 89 85 87 35 25 73 4 50 56 86 88 90 100 1 94 6 7 5 98 91 95 97 96 13 17 18 16 24 42 38 52 36 34 51 53 58 79 76 75 68 67 70 65 62 83 81 77 84 54 48 45 47 49 55 59 63 66 71 69 80 64 74 82 78 57 60 41 33
geracao 610: 44 39 32 26 20 21 28 27 30 37 46 43 40 22 12 11 3 2 10 9 8 14 61 31 29 15 72 23 19 99 92 93 89 85 87 35 25 73 4 50 56 86 88 90 100 1 94 6 7 5 98 91 95 97 96 13 17 18 16 24 42 38 52 36 34 51 53 58 79 76 75 68 67 70 65 62 83 81 77 84 54 48 45 47 49 55 59 63 66 71 69 80 64 74 82 78 60 57 41 33
geracao 611: 44 39 32 26 20 21 28 27 30 37 46 43 40 22 12 11 3 2 10 9 8 14 61 31 29 15 72 23 19 99 92 93 89 85 87 35 25 73 4 50 56 86 88 90 5 7 6 94 100 1 98 91 95 97 96 13 17 18 16 24 33 41 60 57 78 82 74 64 80 69 71 66 63 59 55 49 47 45 48 54 84 77 81 83 62 65 70 67 68 75 76 79 58 53 51 34 36 52 38 42
geracao 612: 44 39 32 26 20 21 28 27 30 37 46 43 40 22 12 11 3 2 10 9 8 14 61 31 29 15 72 23 19 99 92 93 89 85 87 35 25 73 4 50 56 86 88 90 6 7 5 94 100 1 98 91 95 97 96 13 17 18 16 24 33 41 60 57 78 82 74 64 80 69 71 66 63 59 55 49 47 45 48 54 84 77 81 83 62 65 70 67 68 75 76 79 58 53 51 34 36 52 38 42
geracao 617: 44 39 32 26 20 21 28 27 30 37 46 43 40 22 12 11 3 2 10 9 8 14 61 31 29 15 72 23 19 99 92 93 89 85 87 35 25 73 4 50 56 86 88 90 94 6 7 5 98 100 1 91 95 97 96 13 17 18 16 24 42 38 52 36 34 51 53 58 79 76 75 68 67 70 65 62 83 81 77 84 54 48 45 47 49 55 59 63 66 71 69 80 64 74 82 78 60 57 41 33
geracao 619: 44 39 32 26 20 21 28 27 30 37 46 43 40 22 12 11 3 2 10 9 8 14 61 31 29 15 72 23 19 99 92 93 89 85 87 35 25 73 4 50 56 86 88 90 94 6 7 5 98 100 1 91 95 97 96 13 17 18 16 24 42 52 38 36 34 51 53 58 79 76 75 68 67 70 65 62 83 81 77 84 54 48 45 47 49 55 59 63 66 71 69 80 64 74 82 78 60 57 41 33
geracao 657: 44 39 32 26 20 21 28 27 30 37 46 43 40 22 12 11 3 2 10 9 8 14 61 31 29 15 72 23 19 99 92 93 89 85 87 35 25 73 4 50 56 86 88 90 94 6 7 5 98 100 1 91 95 97 96 13 17 18 16 24 42 52 38 36 34 51 53 58 79 76 75 68 67 70 77 81 83 62 65 84 54 48 45 47 49 55 59 63 66 71 69 80 64 74 82 78 60 57 41 33
geracao 670: 44 39 32 26 20 21 28 27 30 37 46 43 40 22 12 11 3 2 10 9 8 14 61 31 29 15 72 23 19 99 92 93 89 85 87 35 25 73 4 50 56 86 88 90 94 6 7 5 98 100 1 91 95 97 96 13 17 18 16 24 42 51 34 36 38 52 53 58 79 76 75 68 67 70 77 81 83 62 65 84 54 48 45 47 49 55 59 63 66 71 69 80 64 74 82 78 60 57 41 33
geracao 679: 44 39 32 26 20 21 28 27 30 37 46 43 40 22 12 11 3 2 10 9 8 14 61 31 29 15 72 23 19 99 92 93 89 85 87 35 25 73 4 50 56 86 88 90 94 6 7 5 98 100 1 91 95 97 96 13 17 18 16 24 42 51 34 36 38 52 53 58 79 78 82 74 64 80 69 71 66 63 59 55 49 47 45 48 54 84 65 62 83 81 77 70 67 68 75 76 60 57 41 33
geracao 687: 44 39 32 26 20 21 10 2 3 11 12 22 40 43 46 37 30 27 28 16 18 17 13 96 97 95 91 1 100 98 5 7 6 94 90 88 86 56 50 4 73 25 35 87 85 89 93 92 99 19 23 72 15 29 31 61 14 8 9 24 42 51 34 36 38 52 53 58 79 78 82 74 64 80 69 71 66 63 59 55 49 47 45 48 54 84 65 62 83 81 77 70 67 68 75 76 60 57 41 33
geracao 708: 44 39 32 26 20 21 10 2 3 11 12 16 28 27 30 37 46 43 40 22 18 17 13 96 97 95 91 1 100 98 5 7 6 94 90 88 86 56 50 4 73 25 35 87 85 89 93 92 99 19 23 72 15 29 31 61 14 8 9 24 42 51 34 36 38 52 53 58 79 78 82 74 64 80 69 71 66 63 59 55 49 47 45 48 54 84 65 62 83 81 77 70 67 68 75 76 60 57 41 33
geracao 744: 44 39 32 26 20 21 10 2 3 11 12 16 28 27 30 37 46 43 40 22 18 17 13 96 97 95 91 1 100 98 5 7 6 94 90 88 86 56 50 4 73 25 35 87 85 89 93 92 99 19 23 72 15 29 31 61 14 8 9 24 42 51 34 36 38 52 53 58 79 78 82 74 64 80 69 68 67 70 77 81 83 62 65 84 54 48 45 47 49 55 59 63 66 71 75 76 60 57 41 33
geracao 760: 44 39 32 26 20 21 10 3 11 12 16 28 27 30 37 46 43 40 22 18 17 13 96 97 95 91 1 100 98 5 7 6 94 90 88 86 56 50 4 73 25 35 87 85 89 93 92 99 19 23 72 15 29 31 61 14 2 8 9 24 42 51 34 36 38 52 53 58 79 78 82 74 64 80 69 68 67 70 77 81 83 62 65 84 54 48 45 47 49 55 59 63 66 71 75 76 60 57 41 33
geracao 801: 44 39 32 26 20 21 93 89 85 19 99 92 10 3 11 12 16 28 27 30 37 46 43 40 22 18 17 13 96 97 95 91 1 100 98 5 7 6 94 90 88 86 56 50 4 73 25 35 87 23 72 15 29 31 61 14 2 8 9 24 42 51 34 36 38 52 53 58 79 78 82 74 64 80 69 68 67 70 77 81 83 62 65 84 54 48 45 47 49 55 59 63 66 71 75 76 60 57 41 33
geracao 802: 44 39 32 26 20 21 93 89 85 19 99 92 10 3 11 12 16 28 27 30 37 46 43 40 22 18 17 13 96 97 95 91 1 100 98 5 7 6 94 90 88 86 56 50 4 73 25 35 87 23 72 15 29 31 61 14 2 8 9 24 36 34 51 42 38 52 53 58 79 78 82 74 64 80 69 68 67 70 77 81 83 62 65 84 54 48 45 47 49 55 59 63 66 71 75 76 60 57 41 33
geracao 808: 44 39 32 26 20 21 10 92 93 89 85 87 4 73 25 35 50 56 86 88 90 94 6 7 5 98 100 1 91 95 97 96 13 17 18 22 40 43 46 37 30 27 28 16 12 11 3 99 19 23 72 15 29 31 61 14 2 8 9 24 36 34 51 42 38 52 53 58 79 78 82 74 64 80 69 68 67 70 77 81 83 62 65 84 54 48 45 47 49 55 59 63 66 71 75 76 60 57 41 33
geracao 809: 44 39 32 26 20 21 10 3 11 12 16 28 27 30 37 46 43 40 22 18 17 13 96 97 95 91 1 100 98 5 7 6 94 90 88 86 56 50 35 25 73 4 87 85 89 93 92 99 19 23 72 15 29 31 61 14 2 8 9 24 36 34 51 42 38 52 53 58 79 78 82 74 64 80 69 68 67 70 77 81 83 62 65 84 54 48 45 47 49 55 59 63 66 71 75 76 60 57 41 33
geracao 810: 44 39 32 26 20 21 10 92 93 89 85 87 4 73 91 1 100 98 5 7 6 94 90 88 86 56 50 35 25 95 97 96 13 17 18 22 40 43 46 37 30 27 28 16 12 11 3 99 19 23 72 15 29 31 61 14 2 8 9 24 36 34 51 42 38 52 53 58 79 78 82 74 64 80 69 68 67 70 77 81 83 62 65 84 54 48 45 47 49 55 59 63 66 71 75 76 60 57 41 33
geracao 812: 44 39 32 26 20 21 10 3 11 12 16 28 27 30 37 46 43 40 22 18 17 13 96 97 95 25 35 50 56 86 88 90 94 6 7 5 98 100 1 91 73 4 87 85 89 93 92 99 19 23 72 15 29 31 61 14 2 8 9 24 36 34 51 42 38 52 53 58 79 78 82 74 64 80 69 68 67 70 77 81 83 62 65 84 54 48 45 47 49 55 59 63 66 71 75 76 60 57 41 33
geracao 814: 44 39 32 26 20 21 10 92 93 89 85 87 72 23 19 61 31 29 15 4 73 25 35 50 56 86 88 90 94 6 7 5 98 100 1 91 95 97 96 13 17 18 22 40 43 46 37 30 27 28 16 12 11 3 99 14 2 8 9 24 36 34 51 42 38 52 53 58 79 78 82 74 64 80 69 68 67 70 77 81 83 62 65 84 54 48 45 47 49 55 59 63 66 71 75 76 60 57 41 33
geracao 822: 44 39 32 26 20 21 10 92 93 89 85 87 72 23 19 61 31 29 15 4 73 25 35 50 56 86 88 90 94 7 6 5 98 100 1 91 95 97 96 13 17 18 22 40 43 46 37 30 27 28 16 12 11 3 99 14 2 8 9 24 36 34 51 42 38 52 53 58 79 78 82 74 64 80 69 68 67 70 77 81 83 62 65 84 54 48 45 47 49 55 59 63 66 71 75 76 60 57 41 33
geracao 841: 44 39 32 26 20 21 10 92 93 89 85 87 72 23 19 61 31 29 15 4 73 25 35 50 56 86 88 90 94 7 6 5 98 100 1 91 95 97 96 13 17 18 22 40 43 46 37 30 27 28 16 12 11 3 99 14 2 8 9 24 36 34 51 42 38 52 53 58 79 78 82 74 64 80 69 68 67 70 77 81 83 62 65 84 54 48 45 47 49 55 59 63 76 75 71 66 60 57 41 33
geracao 842: 44 39 32 26 20 21 10 92 93 89 85 87 72 23 19 61 31 29 15 4 73 25 35 50 56 86 88 90 94 7 6 5 98 100 1 91 95 97 96 13 17 18 22 28 27 30 37 46 43 40 16 12 11 3 99 14 2 8 9 24 36 34 51 42 38 52 53 58 79 78 82 74 64 80 69 68 67 70 77 81 83 62 65 84 54 48 45 47 49 55 59 63 76 75 71 66 60 57 41 33
geracao 882: 44 39 32 26 20 21 10 92 93 89 85 87 72 23 19 61 31 29 15 4 73 25 35 50 56 86 88 90 94 7 6 5 98 100 1 91 96 97 95 13 17 18 22 28 27 30 37 46 43 40 16 12 11 3 99 14 2 8 9 24 36 34 51 42 38 52 53 58 79 78 82 74 64 80 69 68 67 70 77 81 83 62 65 84 54 48 45 47 49 55 59 63 76 75 71 66 60 57 41 33
geracao 883: 44 39 32 26 20 21 10 92 93 89 85 87 72 23 19 61 31 29 15 4 73 25 35 50 56 86 88 90 94 5 6 7 98 100 1 91 96 97 95 13 17 18 22 28 27 30 37 46 43 40 16 12 11 3 99 14 2 8 9 24 36 34 51 42 38 52 53 58 79 78 82 74 64 80 69 68 67 70 77 81 83 62 65 84 54 48 45 47 49 55 59 63 76 75 71 66 60 57 41 33
geracao 886: 44 39 32 26 20 21 10 92 93 89 85 87 72 23 19 61 31 29 15 4 73 25 35 50 56 86 88 90 94 7 6 5 98 100 1 91 96 97 95 13 17 18 22 28 27 30 37 46 47 45 48 54 63 59 55 49 43 40 16 12 11 3 99 14 2 8 9 24 36 34 51 42 38 52 53 58 79 78 82 74 64 80 69 68 67 70 77 81 83 62 65 84 76 75 71 66 60 57 41 33
geracao 891: 44 39 32 26 20 21 10 92 93 89 85 87 72 23 19 61 31 29 15 4 73 25 35 50 56 86 88 90 94 5 6 7 98 100 1 91 96 97 95 13 17 18 22 28 27 30 37 46 47 45 48 54 63 59 55 49 43 40 16 12 11 3 99 14 2 8 9 24 36 34 51 42 38 52 53 58 79 78 82 74 64 80 69 68 67 70 77 81 83 62 65 84 76 75 71 66 60 57 41 33
geracao 942: 38 42 51 34 36 24 10 92 93 89 85 87 72 23 19 61 31 29 15 4 73 25 35 50 56 86 88 90 94 5 6 7 98 100 1 91 96 97 95 13 17 18 22 28 27 30 37 46 47 45 48 54 63 59 55 49 43 40 16 12 11 3 99 14 2 8 9 21 20 26 32 39 44 33 41 57 60 66 71 75 76 84 65 62 83 81 77 70 67 68 69 80 64 74 82 78 79 58 53 52
geracao 945: 38 42 51 34 36 24 10 92 93 89 85 87 72 23 19 61 31 29 4 15 73 25 35 50 56 86 88 90 94 5 6 7 98 100 1 91 96 97 95 13 17 18 22 28 27 30 37 46 47 45 48 54 63 59 55 49 43 40 16 12 11 3 99 14 2 8 9 21 20 26 32 39 44 33 41 57 60 66 71 75 76 84 65 62 83 81 77 70 67 68 69 80 64 74 82 78 79 58 53 52
geracao 952: 38 42 51 34 36 24 10 92 93 89 85 31 61 19 23 72 87 29 4 15 73 25 35 50 56 86 88 90 94 5 6 7 98 100 1 91 96 97 95 13 17 18 22 28 27 30 37 46 47 45 48 54 63 59 55 49 43 40 16 12 11 3 99 14 2 8 9 21 20 26 32 39 44 33 41 57 60 66 71 75 76 84 65 62 83 81 77 70 67 68 69 80 64 74 82 78 79 58 53 52
geracao 957: 39 32 26 20 21 9 10 92 93 89 85 31 61 19 23 72 87 29 4 15 73 25 35 50 56 86 88 90 94 5 6 7 98 100 1 91 96 97 95 13 17 18 22 28 27 30 37 46 47 45 48 54 63 59 55 49 43 40 16 12 11 3 99 14 2 8 24 36 34 51 42 38 52 53 58 79 78 82 74 64 80 69 68 67 70 77 81 83 62 65 84 76 75 71 66 60 57 41 33 44
geracao 1009: 39 32 26 20 21 9 10 92 93 89 85 31 61 19 23 72 87 29 4 15 73 25 35 50 56 86 88 90 94 5 6 7 98 100 1 91 96 97 95 13 17 18 22 28 27 30 37 46 47 45 48 54 63 59 55 49 43 40 41 33 16 12 11 3 99 14 2 8 24 36 34 51 42 38 52 53 58 79 78 82 74 64 80 69 68 67 70 77 81 83 62 65 84 76 75 71 66 60 57 44
geracao 1043: 26 20 21 9 10 2 8 92 93 89 85 31 61 19 23 72 87 29 4 15 73 25 35 50 56 86 88 90 94 5 6 7 98 100 1 91 96 97 95 13 17 18 22 28 27 30 37 46 47 45 48 54 63 59 55 49 43 40 41 33 16 12 11 3 99 14 24 36 34 51 42 38 52 53 58 79 78 82 74 64 80 69 68 67 70 77 81 83 62 65 84 76 75 71 66 60 57 44 39 32
geracao 1046: 14 99 3 9 10 2 8 92 93 89 85 31 61 19 23 72 87 29 4 15 73 25 35 50 56 86 88 90 94 5 6 7 98 100 1 91 96 97 95 13 17 18 22 28 27 30 37 46 47 45 48 54 63 59 55 49 43 40 41 33 16 12 11 21 20 26 32 39 44 57 60 66 71 75 76 84 65 62 83 81 77 70 67 68 69 80 64 74 82 78 79 58 53 52 38 42 51 34 36 24
geracao 1121: 10 2 8 92 93 89 85 31 61 19 23 72 87 29 4 15 73 25 35 50 56 86 88 90 94 5 6 7 16 12 99 14 98 100 1 91 96 97 95 13 17 18 22 28 27 30 37 46 47 45 48 54 63 59 55 49 43 40 41 33 24 36 34 51 42 38 52 53 58 79 78 82 74 64 80 69 68 67 70 77 81 83 62 65 84 76 75 71 66 60 57 44 39 32 26 20 21 11 3 9
geracao 1135: 8 92 93 89 85 31 61 19 23 72 87 29 4 15 73 25 35 50 56 86 88 90 94 5 6 7 16 12 99 14 98 100 1 91 96 97 95 13 17 18 22 28 27 30 37 46 47 45 48 54 63 59 55 49 43 40 41 33 24 36 34 51 42 38 52 53 58 79 78 82 74 64 80 69 68 67 70 77 81 83 62 65 84 76 75 71 66 60 57 44 39 32 26 20 21 11 3 9 10 2
geracao 1150: 8 92 93 89 85 31 61 19 23 72 87 29 4 15 73 25 35 50 56 86 88 90 94 5 6 7 16 12 99 14 98 100 1 91 96 97 95 13 17 18 22 28 27 30 37 46 47 45 48 54 63 59 55 49 43 40 41 33 39 44 57 60 66 71 75 76 84 65 62 83 81 77 70 67 68 69 80 64 74 82 78 79 58 53 52 38 42 51 34 36 24 32 26 20 21 11 3 9 10 2
geracao 1216: 10 2 8 92 93 89 85 31 61 19 23 72 87 29 4 15 73 25 35 50 56 86 88 90 94 5 6 7 16 12 98 100 1 91 96 97 95 13 17 18 22 28 27 30 37 46 47 45 48 54 63 59 55 49 43 40 41 33 39 44 57 60 66 71 75 76 84 65 62 83 81 77 70 67 68 69 80 64 74 82 78 79 58 53 52 38 42 51 34 36 14 99 24 32 26 20 21 11 3 9
geracao 1221: 99 14 8 92 93 89 85 31 61 19 23 72 87 29 4 15 73 25 35 50 56 86 88 90 94 5 6 7 16 12 98 100 1 91 96 97 95 13 17 18 22 28 27 30 37 46 47 45 48 54 63 59 55 49 43 40 41 33 39 44 57 60 66 71 75 76 84 65 62 83 81 77 70 67 68 69 80 64 74 82 78 79 58 53 52 38 42 51 34 36 24 32 26 20 21 11 3 9 10 2
geracao 1234: 99 14 8 92 93 89 85 31 61 19 23 72 87 29 4 15 73 25 35 50 56 86 88 90 94 5 6 7 16 12 98 100 1 91 96 97 95 13 17 18 22 28 27 30 37 46 47 45 48 54 63 59 55 49 43 40 41 33 39 44 57 60 66 71 75 76 62 65 84 83 81 77 70 67 68 69 80 64 74 82 78 79 58 53 52 38 42 51 34 36 24 32 26 20 21 11 3 9 10 2
geracao 1254: 99 14 8 92 93 89 85 31 61 19 23 72 87 29 4 15 73 25 35 50 56 86 88 90 94 5 6 7 16 12 98 100 1 91 96 97 95 13 17 18 22 28 27 30 37 46 47 45 40 43 49 55 59 63 54 48 41 33 39 44 57 60 66 71 75 76 62 65 84 83 81 77 70 67 68 69 80 64 74 82 78 79 58 53 52 38 42 51 34 36 24 32 26 20 21 11 3 9 10 2
geracao 1271: 99 14 8 92 93 89 85 31 61 19 23 72 87 29 4 15 73 25 35 50 56 86 88 90 94 5 6 7 16 12 98 100 1 91 96 97 95 13 17 18 22 28 27 30 37 46 47 45 40 43 49 55 59 63 54 48 41 33 39 44 57 60 66 71 75 76 62 65 84 83 81 77 70 67 68 69 80 64 74 82 78 79 58 53 52 38 42 51 34 36 24 32 26 21 20 11 3 9 10 2
geracao 1292: 99 14 8 92 93 89 85 31 61 19 23 72 87 29 4 15 73 25 35 50 56 86 88 90 94 5 6 7 16 12 98 100 1 91 96 97 95 13 17 18 22 28 27 30 37 46 47 45 40 43 49 55 54 63 59 48 41 33 39 44 57 60 66 71 75 76 62 65 84 83 81 77 70 67 68 69 80 64 74 82 78 79 58 53 52 38 42 51 34 36 24 32 26 21 20 11 3 9 10 2
geracao 1334: 99 14 8 92 93 89 85 31 61 19 23 72 87 29 4 15 73 25 35 50 56 86 88 90 94 5 6 7 16 12 98 100 1 91 96 97 95 13 17 18 22 28 27 30 37 46 47 45 40 43 49 55 54 48 41 33 39 44 57 60 66 71 75 76 62 65 84 83 81 77 70 63 59 67 68 69 80 64 74 82 78 79 58 53 52 38 42 51 34 36 24 32 26 21 20 11 3 9 10 2
geracao 1389: 99 14 8 92 93 89 85 31 61 19 23 72 87 29 4 15 73 25 35 50 56 86 88 90 94 5 6 7 16 12 98 100 1 91 96 97 95 13 17 18 22 28 27 30 37 46 47 45 40 43 49 55 54 48 41 33 39 44 57 60 66 71 75 76 62 65 67 59 63 70 77 81 83 84 68 69 80 64 74 82 78 79 58 53 52 38 42 51 34 36 24 32 26 21 20 11 3 9 10 2
geracao 1424: 99 14 8 92 93 89 85 31 61 19 23 72 87 29 4 15 73 25 35 50 56 86 88 90 94 5 6 7 16 12 98 100 1 91 96 97 95 13 17 18 22 28 27 30 37 46 47 45 40 43 49 55 54 48 41 33 39 44 57 60 66 71 75 76 62 65 67 59 63 70 77 81 83 84 68 79 78 82 74 64 80 69 58 53 52 38 42 51 34 36 24 32 26 21 20 11 3 9 10 2
geracao 1489: 8 92 93 89 85 31 61 19 23 72 87 29 4 15 73 25 35 50 56 86 88 90 94 5 6 7 16 12 98 100 1 91 96 97 95 13 17 18 22 28 27 30 37 46 47 45 40 43 49 55 54 48 41 33 39 44 57 60 66 71 75 76 62 65 67 59 63 70 77 81 83 84 68 79 78 82 74 64 80 69 58 53 52 38 42 51 34 36 24 32 26 21 20 11 3 9 10 2 99 14
geracao 1509: 8 92 93 89 85 31 61 19 23 72 87 29 4 15 73 25 35 50 56 86 88 90 94 5 6 7 16 12 98 100 1 91 96 97 95 13 17 18 22 28 27 30 37 46 43 40 45 47 49 55 54 48 41 33 39 44 57 60 66 71 75 76 62 65 67 59 63 70 77 81 83 84 68 79 78 82 74 64 80 69 58 53 52 38 42 51 34 36 24 32 26 21 20 11 3 9 10 2 99 14
geracao 1595: 8 92 93 89 85 31 61 19 23 72 87 29 4 15 73 25 35 50 56 86 88 90 94 5 6 95 97 96 91 1 100 98 12 16 7 13 17 18 22 28 27 30 37 46 43 40 45 47 49 55 54 48 41 33 39 44 57 60 66 71 75 76 62 65 67 59 63 70 77 81 83 84 68 79 78 82 74 64 80 69 58 53 52 38 42 51 34 36 24 32 26 21 20 11 3 9 10 2 99 14
geracao 1650: 10 2 99 14 8 92 93 89 85 31 61 19 23 72 87 29 4 15 73 25 35 50 56 86 88 90 94 5 6 95 97 96 12 16 7 13 17 18 22 28 27 30 37 46 43 40 45 47 49 55 54 48 41 33 39 44 57 60 66 71 75 76 62 65 67 59 63 70 77 81 83 84 68 79 78 82 74 64 80 69 58 53 52 38 42 51 34 36 24 32 26 21 20 11 100 1 91 98 3 9
geracao 1672: 10 14 99 2 8 92 93 89 85 31 61 19 23 72 87 29 4 15 73 25 35 50 56 86 88 90 94 5 6 95 97 96 12 16 7 13 17 18 22 28 27 30 37 46 43 40 45 47 49 55 54 48 41 33 39 44 57 60 66 71 75 76 62 65 67 59 63 70 77 81 83 84 68 79 78 82 74 64 80 69 58 53 52 38 42 51 34 36 24 32 26 21 20 11 100 1 91 98 3 9
geracao 1686: 10 14 99 2 8 92 93 89 85 31 61 19 23 72 87 29 4 15 73 25 35 50 56 86 88 90 94 12 96 97 95 6 5 16 7 13 17 18 22 28 27 30 37 46 43 40 45 47 49 55 54 48 41 33 39 44 57 60 66 71 75 76 62 65 67 59 63 70 77 81 83 84 68 79 78 82 74 64 80 69 58 53 52 38 42 51 34 36 24 32 26 21 20 11 100 1 91 98 3 9
geracao 1720: 10 14 99 2 8 92 93 89 85 31 61 19 23 72 87 29 4 15 73 25 35 50 56 86 88 90 94 12 96 97 95 6 5 16 7 13 17 18 22 28 27 30 37 46 43 40 45 47 49 55 54 48 41 33 39 44 57 60 66 71 75 76 62 65 67 59 63 70 77 81 83 84 68 79 78 82 74 64 80 69 58 53 52 38 42 51 34 36 24 32 26 21 20 11 1 100 91 98 3 9
geracao 1726: 10 14 8 2 99 92 93 89 85 31 61 19 23 72 87 29 4 15 73 25 35 50 56 86 88 90 94 12 96 97 95 6 5 16 7 13 17 18 22 28 27 30 37 46 43 40 45 47 49 55 54 48 41 33 39 44 57 60 66 71 75 76 62 65 67 59 63 70 77 81 83 84 68 79 78 82 74 64 80 69 58 53 52 38 42 51 34 36 24 32 26 21 20 11 1 100 91 98 3 9
geracao 1841: 10 14 8 2 99 92 93 89 85 31 61 19 23 72 87 29 4 15 73 25 35 50 56 86 88 90 94 12 16 5 6 95 97 96 7 13 17 18 22 28 27 30 37 46 43 40 45 47 49 55 54 48 41 33 39 44 57 60 66 71 75 76 62 65 67 59 63 70 77 81 83 84 68 79 78 82 74 64 80 69 58 53 52 38 42 51 34 36 24 32 26 21 20 11 1 100 91 98 3 9
geracao 1862: 10 14 8 2 99 92 93 89 85 31 61 19 23 72 87 29 4 15 73 25 35 50 56 86 88 90 94 12 16 5 6 95 97 96 7 13 17 18 22 28 27 30 37 46 43 40 45 47 49 55 54 48 41 33 39 44 57 60 66 71 68 84 83 81 77 70 63 59 67 65 62 76 75 79 78 82 74 64 80 69 58 53 52 38 42 51 34 36 24 32 26 21 20 11 1 100 91 98 3 9
geracao 1868: 10 14 8 2 99 92 93 89 85 31 61 19 23 72 87 29 4 15 73 25 35 50 56 86 88 90 94 12 16 5 6 95 97 96 7 13 17 18 22 28 27 30 37 46 43 40 45 47 49 55 54 48 41 33 39 44 57 60 66 71 75 76 62 65 67 59 63 70 77 81 83 84 68 79 78 64 74 82 80 69 58 53 52 38 42 51 34 36 24 32 26 21 20 11 1 100 91 98 3 9
geracao 1881: 10 14 8 2 99 92 93 89 85 31 61 19 23 72 87 29 4 15 73 25 56 50 35 86 88 90 94 12 16 5 6 95 97 96 7 13 17 18 22 28 27 30 37 46 43 40 45 47 49 55 54 48 41 33 39 44 57 60 66 71 75 76 62 65 67 59 63 70 77 81 83 84 68 79 78 64 74 82 80 69 58 53 52 38 42 51 34 36 24 32 26 21 20 11 1 100 91 98 3 9
geracao 1991: 10 14 8 2 99 92 93 89 85 31 61 19 23 72 87 29 4 15 73 25 56 50 35 86 88 90 94 12 16 5 6 95 97 96 7 13 17 18 22 28 27 30 37 46 43 40 45 47 49 55 54 48 41 33 39 44 57 60 66 71 75 76 62 65 67 59 63 70 77 81 83 84 68 79 78 80 82 74 64 69 58 53 52 38 42 51 34 36 24 32 26 21 20 11 1 100 91 98 3 9
geracao 2026: 10 14 8 2 99 92 93 89 85 31 61 19 23 72 87 29 4 15 73 25 56 50 35 86 88 90 94 12 16 5 6 95 97 96 7 13 17 18 22 28 27 30 37 46 43 40 45 47 49 55 54 48 41 33 39 44 57 60 66 71 75 76 63 59 67 65 62 70 77 81 83 84 68 79 78 80 82 74 64 69 58 53 52 38 42 51 34 36 24 32 26 21 20 11 1 100 91 98 3 9
geracao 2107: 10 14 8 2 99 92 93 89 85 31 61 19 23 72 87 29 4 15 73 25 56 50 35 86 88 90 94 12 16 5 6 95 97 96 7 13 17 18 22 28 27 30 37 46 43 40 45 47 48 54 55 49 41 33 39 44 57 60 66 71 75 76 63 59 67 65 62 70 77 81 83 84 68 79 78 80 82 74 64 69 58 53 52 38 42 51 34 36 24 32 26 21 20 11 1 100 91 98 3 9
geracao 2125: 10 14 8 2 99 92 93 89 85 31 61 19 23 72 87 29 4 15 73 25 56 50 35 86 88 90 94 12 16 5 6 95 97 96 7 13 17 18 22 28 27 30 37 46 43 40 45 47 48 55 54 49 41 33 39 44 57 60 66 71 75 76 63 59 67 65 62 70 77 81 83 84 68 79 78 80 82 74 64 69 58 53 52 38 42 51 34 36 24 32 26 21 20 11 1 100 91 98 3 9
geracao 2153: 10 14 8 2 99 92 93 89 85 31 61 19 23 72 87 29 4 15 73 25 56 50 35 86 88 90 94 12 16 5 6 95 97 96 7 13 17 18 22 28 27 30 37 43 46 40 45 47 48 55 54 49 41 33 39 44 57 60 66 71 75 76 63 59 67 65 62 70 77 81 83 84 68 79 78 80 82 74 64 69 58 53 52 38 42 51 34 36 24 32 26 21 20 11 1 100 91 98 3 9
geracao 2164: 10 14 8 2 99 92 93 89 85 31 61 19 23 72 87 29 4 15 73 25 56 50 35 86 88 90 94 12 16 5 6 95 97 96 7 13 17 18 22 28 27 30 37 43 46 40 45 47 48 55 54 49 41 33 39 44 57 60 66 71 75 76 63 59 67 65 62 70 77 81 83 84 68 79 78 80 82 74 64 69 58 53 52 38 42 51 34 36 24 32 26 21 20 11 1 100 98 91 3 9
geracao 2423: 10 14 8 2 99 92 93 89 85 31 61 19 23 72 87 29 4 15 73 25 56 50 35 86 88 90 94 12 16 5 6 95 97 96 7 13 17 18 22 28 27 30 37 43 46 40 45 47 48 55 54 49 41 33 39 44 57 60 66 71 75 76 63 59 67 65 62 70 77 84 83 81 68 79 78 80 82 74 64 69 58 53 52 38 42 51 34 36 24 32 26 21 20 11 1 100 98 91 3 9
geracao 2644: 10 14 8 2 99 92 93 89 85 31 61 19 23 72 29 87 4 15 73 25 56 50 35 86 88 90 94 12 16 5 6 95 97 96 7 13 17 18 22 28 27 30 37 43 46 40 45 47 48 55 54 49 41 33 39 44 57 60 66 71 75 76 63 59 67 65 62 70 77 84 83 81 68 79 78 80 82 74 64 69 58 53 52 38 42 51 34 36 24 32 26 21 20 11 1 100 98 91 3 9
geracao 2749: 10 14 8 2 99 92 93 89 85 31 61 19 23 72 29 87 4 15 73 25 56 50 35 86 88 90 94 12 16 5 6 95 97 96 7 13 17 18 22 28 27 30 37 43 46 40 45 47 48 55 54 49 41 33 39 44 57 60 66 71 68 81 83 84 77 70 62 65 67 59 63 76 75 79 78 80 82 74 64 69 58 53 52 38 42 51 34 36 24 32 26 21 20 11 1 100 98 91 3 9
geracao 2824: 10 14 8 2 99 92 93 89 85 31 61 19 23 72 29 87 4 15 73 25 56 50 35 86 88 90 94 12 16 5 6 95 97 96 7 13 17 18 22 28 27 30 37 43 46 40 45 47 48 55 54 49 41 33 39 44 57 60 66 71 68 81 83 84 77 70 62 65 67 59 63 76 75 79 78 80 82 74 64 69 58 53 52 38 42 51 34 36 32 26 24 21 20 11 1 100 98 91 3 9
geracao 2828: 10 14 8 2 99 92 93 89 85 31 61 19 23 72 29 87 4 15 73 35 50 56 25 86 88 90 94 12 16 5 6 95 97 96 7 13 17 18 22 28 27 30 37 43 46 40 45 47 48 55 54 49 41 33 39 44 57 60 66 71 68 81 83 84 77 70 62 65 67 59 63 76 75 79 78 80 82 74 64 69 58 53 52 38 42 51 34 36 32 26 24 21 20 11 1 100 98 91 3 9
geracao 2848: 10 14 8 2 99 92 93 89 85 31 61 19 23 72 29 87 4 15 73 35 50 56 25 86 88 90 94 12 16 5 6 95 97 96 7 13 17 18 22 28 27 30 37 43 46 40 45 47 48 55 54 49 41 33 39 44 57 60 66 71 68 83 81 84 77 70 62 65 67 59 63 76 75 79 78 80 82 74 64 69 58 53 52 38 42 51 34 36 32 26 24 21 20 11 1 100 98 91 3 9
geracao 2935: 10 14 8 2 99 92 93 89 85 31 61 19 23 72 29 87 4 15 73 35 50 56 25 86 88 90 94 12 16 5 6 95 97 96 7 13 17 18 22 28 27 30 37 43 46 40 45 47 48 55 54 49 41 33 39 44 57 60 66 71 68 83 81 84 77 70 62 65 67 59 63 76 75 79 78 80 82 74 64 69 58 53 52 38 42 51 34 36 32 26 24 21 20 11 1 91 98 100 3 9
geracao 3447: 10 14 8 2 99 92 93 89 85 31 61 19 23 72 29 87 4 15 73 35 50 56 25 86 88 90 94 12 16 5 6 95 97 96 7 13 17 18 22 28 27 30 37 43 46 40 45 47 48 55 54 49 41 33 39 44 38 52 57 60 66 71 68 83 81 84 77 70 62 65 67 59 63 76 75 79 78 80 82 74 64 69 58 53 42 51 34 36 32 26 24 21 20 11 1 91 98 100 3 9
geracao 3556: 10 14 8 2 99 92 93 89 85 31 61 19 23 72 29 87 4 15 73 35 50 56 25 86 88 90 94 12 16 5 6 95 97 96 7 13 17 18 22 28 27 30 37 43 46 40 45 47 48 55 54 49 41 33 32 39 44 38 52 57 60 66 71 68 83 81 84 77 70 62 65 67 59 63 76 75 79 78 80 82 74 64 69 58 53 42 51 34 36 26 24 21 20 11 1 91 98 100 3 9
geracao 3600: 10 14 8 2 99 92 93 89 85 31 61 19 23 72 15 4 87 29 73 35 50 56 25 86 88 90 94 12 16 5 6 95 97 96 7 13 17 18 22 28 27 30 37 43 46 40 45 47 48 55 54 49 41 33 32 39 44 38 52 57 60 66 71 68 83 81 84 77 70 62 65 67 59 63 76 75 79 78 80 82 74 64 69 58 53 42 51 34 36 26 24 21 20 11 1 91 98 100 3 9
geracao 3625: 10 14 8 2 99 92 93 89 85 31 61 19 23 72 15 4 87 29 73 35 50 56 25 86 88 90 94 12 13 7 96 97 95 6 5 16 17 18 22 28 27 30 37 43 46 40 45 47 48 55 54 49 41 33 32 39 44 38 52 57 60 66 71 68 83 81 84 77 70 62 65 67 59 63 76 75 79 78 80 82 74 64 69 58 53 42 51 34 36 26 24 21 20 11 1 91 98 100 3 9
geracao 3660: 10 14 8 2 99 92 93 89 85 31 61 19 23 72 15 4 87 29 73 35 50 56 25 86 88 90 94 12 13 7 96 97 95 6 5 16 17 18 22 28 27 30 37 43 46 40 49 54 55 48 47 45 41 33 32 39 44 38 52 57 60 66 71 68 83 81 84 77 70 62 65 67 59 63 76 75 79 78 80 82 74 64 69 58 53 42 51 34 36 26 24 21 20 11 1 91 98 100 3 9
geracao 3697: 10 14 8 2 99 92 93 89 85 31 61 19 23 72 15 4 87 29 73 35 50 56 25 86 88 90 94 12 13 7 96 97 95 6 5 16 17 18 22 28 27 30 37 43 46 40 49 54 55 48 47 45 41 33 32 39 44 38 52 57 60 66 71 68 83 84 81 77 70 62 65 67 59 63 76 75 79 78 80 82 74 64 69 58 53 42 51 34 36 26 24 21 20 11 1 91 98 100 3 9
geracao 3731: 10 14 8 2 99 92 93 89 85 31 61 19 23 72 15 4 87 29 73 35 50 56 25 86 88 90 94 95 97 96 7 13 12 6 5 16 17 18 22 28 27 30 37 43 46 40 49 54 55 48 47 45 41 33 32 39 44 38 52 57 60 66 71 68 83 84 81 77 70 62 65 67 59 63 76 75 79 78 80 82 74 64 69 58 53 42 51 34 36 26 24 21 20 11 1 91 98 100 3 9
geracao 4017: 9 10 14 8 2 99 92 93 89 85 31 61 19 23 72 15 4 87 29 73 35 50 56 25 86 88 90 94 95 97 96 7 13 6 5 16 17 18 22 28 27 30 37 43 46 40 49 54 55 48 47 45 41 33 32 39 44 38 52 57 60 66 71 68 83 84 81 77 70 62 65 67 59 63 76 75 79 78 80 82 74 64 69 58 53 42 51 34 36 26 24 21 20 12 11 1 91 98 100 3
geracao 4070: 9 10 14 8 2 99 92 93 89 85 31 61 19 23 72 15 4 87 29 73 35 50 56 25 86 88 90 94 95 97 96 7 13 6 5 16 17 18 22 28 27 30 37 43 46 40 49 54 55 48 47 45 41 33 32 39 44 38 52 57 60 66 63 59 67 65 62 70 77 81 84 83 68 71 76 75 79 78 80 82 74 64 69 58 53 42 51 34 36 26 24 21 20 12 11 1 91 98 100 3
geracao 4246: 9 10 14 8 2 99 92 93 89 85 31 61 19 23 72 15 4 87 29 73 35 50 56 25 86 88 90 94 95 97 96 7 13 6 5 16 17 18 22 28 27 30 37 43 46 40 49 54 55 48 47 45 41 33 32 39 44 38 52 57 60 66 63 59 67 65 62 70 77 81 84 83 68 71 76 75 79 78 80 82 74 64 69 58 53 42 51 34 36 24 26 21 20 12 11 1 91 98 100 3
geracao 4358: 9 10 14 8 2 99 92 93 89 85 31 61 19 23 72 15 4 87 29 73 35 50 56 25 86 88 90 94 95 97 96 7 5 6 13 16 17 18 22 28 27 30 37 43 46 40 49 54 55 48 47 45 41 33 32 39 44 38 52 57 60 66 63 59 67 65 62 70 77 81 84 83 68 71 76 75 79 78 80 82 74 64 69 58 53 42 51 34 36 24 26 21 20 12 11 1 91 98 100 3
geracao 4619: 10 14 8 2 99 92 93 89 85 31 61 19 23 72 15 4 87 29 73 35 50 56 25 86 88 90 94 95 97 96 7 5 6 13 16 17 18 22 28 27 30 37 43 46 40 49 54 55 48 47 45 41 33 32 39 44 38 52 57 60 66 63 59 67 65 62 70 77 81 84 83 68 71 76 75 79 78 80 82 74 64 69 58 53 42 51 34 36 24 26 21 20 12 11 1 91 98 100 3 9
geracao 5059: 10 14 8 2 99 92 93 89 85 31 61 19 23 72 15 4 87 29 73 35 50 56 25 86 88 90 94 95 97 96 7 5 6 13 16 17 18 22 28 27 30 37 43 46 40 49 54 55 48 47 45 41 33 32 39 44 38 52 57 60 66 68 83 84 81 77 70 62 65 67 59 63 71 76 75 79 78 80 82 74 64 69 58 53 42 51 34 36 24 26 21 20 12 11 1 91 98 100 3 9
geracao 5076: 10 14 8 2 99 92 93 89 85 31 61 19 23 72 15 4 87 29 73 35 50 56 25 86 88 90 94 95 97 96 7 5 6 13 16 17 18 22 28 27 30 37 43 46 40 49 54 55 48 47 45 41 33 32 39 44 38 52 57 60 66 83 84 81 77 70 62 65 67 59 63 68 71 76 75 79 78 80 82 74 64 69 58 53 42 51 34 36 24 26 21 20 12 11 1 91 98 100 3 9
geracao 5158: 10 14 8 2 99 92 93 89 85 31 61 19 23 72 15 4 87 29 73 35 50 56 25 86 88 90 94 95 97 96 6 5 7 13 16 17 18 22 28 27 30 37 43 46 40 49 54 55 48 47 45 41 33 32 39 44 38 52 57 60 66 83 84 81 77 70 62 65 67 59 63 68 71 76 75 79 78 80 82 74 64 69 58 53 42 51 34 36 24 26 21 20 12 11 1 91 98 100 3 9
geracao 6216: 10 14 8 2 99 92 93 89 85 61 31 19 23 72 15 4 87 29 73 35 50 56 25 86 88 90 94 95 97 96 6 5 7 13 16 17 18 22 28 27 30 37 43 46 40 49 54 55 48 47 45 41 33 32 39 44 38 52 57 60 66 83 84 81 77 70 62 65 67 59 63 68 71 76 75 79 78 80 82 74 64 69 58 53 42 51 34 36 24 26 21 20 12 11 1 91 98 100 3 9
geracao 6363: 10 14 8 2 99 92 93 89 85 61 31 19 23 72 15 4 87 29 73 35 50 56 25 86 88 90 94 95 97 96 6 5 7 13 16 17 18 22 28 27 30 37 43 46 40 49 54 55 48 47 45 41 33 32 39 44 38 52 57 60 66 83 84 81 77 70 62 65 67 59 63 68 71 76 75 79 78 80 82 74 64 69 58 53 51 42 34 36 24 26 21 20 12 11 1 91 98 100 3 9
geracao 6963: 10 14 8 2 99 92 93 89 85 61 19 31 23 72 15 4 87 29 73 35 50 56 25 86 88 90 94 95 97 96 6 5 7 13 16 17 18 22 28 27 30 37 43 46 40 49 54 55 48 47 45 41 33 32 39 44 38 52 57 60 66 83 84 81 77 70 62 65 67 59 63 68 71 76 75 79 78 80 82 74 64 69 58 53 51 42 34 36 24 26 21 20 12 11 1 91 98 100 3 9
geracao 7092: 10 14 8 2 99 92 93 89 85 61 19 31 23 72 15 4 87 29 73 35 50 56 25 86 88 90 94 95 97 96 5 6 7 13 16 17 18 22 28 27 30 37 43 46 40 49 54 55 48 47 45 41 33 32 39 44 38 52 57 60 66 83 84 81 77 70 62 65 67 59 63 68 71 76 75 79 78 80 82 74 64 69 58 53 51 42 34 36 24 26 21 20 12 11 1 91 98 100 3 9
geracao 7774: 10 14 8 2 99 92 93 89 85 61 19 31 23 72 15 4 87 29 73 35 50 56 25 86 88 90 94 95 97 96 5 6 7 13 16 17 18 22 28 27 30 37 43 46 40 49 54 55 48 47 45 41 33 32 39 44 38 52 57 60 66 83 84 81 77 70 62 65 67 59 63 68 71 76 75 79 78 80 82 74 64 69 58 53 51 34 42 36 24 26 21 20 12 11 1 91 98 100 3 9
geracao 7985: 10 14 8 2 99 92 93 89 85 61 19 31 23 72 15 4 87 29 73 35 50 56 25 86 88 90 94 95 97 96 5 6 7 13 16 17 18 22 28 27 30 37 43 46 40 49 54 55 48 47 45 41 33 32 39 44 38 52 57 60 66 83 84 81 77 70 62 65 67 59 63 68 71 76 75 79 78 80 82 74 64 69 58 53 51 34 36 42 24 26 21 20 12 11 1 91 98 100 3 9
geracao 8005: 10 14 8 2 99 92 93 89 85 61 19 31 23 72 15 4 87 29 73 35 50 56 25 86 88 90 94 95 97 96 5 6 7 13 16 17 18 22 28 27 30 37 43 46 40 49 54 55 48 47 45 41 33 32 39 44 38 52 57 60 66 81 84 83 77 70 62 65 67 59 63 68 71 76 75 79 78 80 82 74 64 69 58 53 51 34 36 42 24 26 21 20 12 11 1 91 98 100 3 9
geracao 8243: 10 14 8 2 99 92 93 89 85 61 19 31 23 72 15 4 87 29 73 35 50 56 25 86 88 90 94 95 97 96 5 6 7 13 16 17 18 22 28 27 30 37 43 46 40 49 54 55 48 47 45 41 33 32 39 44 38 52 57 60 66 81 84 83 77 70 67 65 62 59 63 68 71 76 75 79 78 80 82 74 64 69 58 53 51 34 36 42 24 26 21 20 12 11 1 91 98 100 3 9
geracao 8454: 10 14 8 2 99 92 93 89 85 61 19 31 23 72 15 4 87 29 73 35 50 56 25 86 88 90 94 95 97 96 5 6 7 13 16 17 18 22 28 27 30 37 43 46 40 49 54 55 48 47 45 41 33 32 39 44 38 52 57 60 66 77 83 84 81 70 67 65 62 59 63 68 71 76 75 79 78 80 82 74 64 69 58 53 51 34 36 42 24 26 21 20 12 11 1 91 98 100 3 9
geracao 8506: 10 14 8 2 99 92 93 89 85 61 19 31 23 72 15 4 87 29 73 35 50 56 25 86 88 90 94 95 97 96 5 6 7 13 16 17 18 22 28 27 30 37 43 46 40 49 54 55 48 47 45 41 33 32 39 44 38 52 57 60 66 68 63 59 62 65 67 70 81 84 83 77 71 76 75 79 78 80 82 74 64 69 58 53 51 34 36 42 24 26 21 20 12 11 1 91 98 100 3 9
geracao 8576: 14 8 2 99 92 93 89 85 61 19 31 23 72 15 4 87 29 73 35 50 56 25 86 88 90 94 95 97 96 5 6 7 13 16 17 18 22 28 27 30 37 43 46 40 49 54 55 48 47 45 41 33 32 39 44 38 52 57 60 66 68 63 59 62 65 67 70 81 84 83 77 71 76 75 79 78 80 82 74 64 69 58 53 51 34 36 42 24 26 21 20 12 11 1 91 98 100 3 9 10
geracao 8861: 8 2 99 92 93 89 85 61 19 31 23 72 15 4 87 29 73 35 50 56 25 86 88 90 94 95 97 96 5 6 7 13 16 17 18 22 28 27 30 37 43 46 40 49 54 55 48 47 45 41 33 32 39 44 38 52 57 60 66 68 63 59 62 65 67 70 81 84 83 77 71 76 75 79 78 80 82 74 64 69 58 53 51 34 36 42 24 26 21 20 12 11 1 91 98 100 3 9 10 14
geracao 8868: 14 8 2 99 92 93 89 85 61 19 31 23 72 15 4 87 29 73 35 50 56 25 86 88 90 94 95 97 96 5 6 7 13 16 17 18 22 28 27 30 37 43 46 40 49 54 55 48 47 45 41 33 32 39 44 38 52 57 60 66 68 63 59 62 65 67 70 81 84 83 77 71 76 75 79 78 80 82 74 64 69 58 53 51 34 36 42 24 26 21 20 12 11 1 91 98 100 3 9 10
geracao 8869: 8 2 99 92 93 89 85 61 19 31 23 72 15 4 87 29 73 35 50 56 25 86 88 90 94 95 97 96 5 6 7 13 16 17 18 22 28 27 30 37 43 46 40 49 54 55 48 47 45 41 33 32 39 44 38 52 57 60 66 68 63 59 62 65 67 70 81 84 83 77 71 76 75 79 78 80 82 74 64 69 58 53 51 34 36 42 24 26 21 20 12 11 1 91 98 100 3 9 10 14
geracao 9551: 8 2 99 92 93 89 85 61 19 31 23 29 87 4 15 72 73 35 50 56 25 86 88 90 94 95 97 96 5 6 7 13 16 17 18 22 28 27 30 37 43 46 40 49 54 55 48 47 45 41 33 32 39 44 38 52 57 60 66 68 63 59 62 65 67 70 81 84 83 77 71 76 75 79 78 80 82 74 64 69 58 53 51 34 36 42 24 26 21 20 12 11 1 91 98 100 3 9 10 14