Parametros iniciais:
	Taxa de crossover=0.5
	Taxa de mutacao=0.15
	Tamanho da Populacao inicial=100
	Tamanho da Subpopulacao (nao sofrem selecao)=20
	Operador de selecao=Roleta
	Candidatos a crossover=100
	Operador de crossover=OX
	Quantidade de cromossomos nao mutantes (segunda subpopulacao)=25
	Operador de mutacao=Alternativa
	Tamanho populacao corrente=245
	Diversidade minima=0.0
	Numero maximo de geracoes=10000
	Numero de threads=3
	Duracao=167s=2min=0h
Melhor Caminho:
 38 24 21 20 26 32 33 41 54 55 59 63 62 65 67 70 81 84 83 77 76 75 71 79 78 66 68 60 57 48 47 45 40 49 46 43 37 30 27 18 12 11 3 9 10 14 8 2 99 92 93 98 100 1 94 88 90 91 72 89 85 61 19 31 23 87 29 4 15 73 35 50 56 25 86 96 97 95 5 6 7 13 16 17 22 28 39 44 52 58 74 82 80 69 64 53 51 34 42 36
	Fitness=4.0058794087946544E-5

Melhores caminhos adquiridos (ordem crescente de fitness):

geracao 0: 15 10 12 92 27 13 2 19 74 61 1 79 71 33 83 36 11 100 97 35 72 21 30 32 18 85 7 88 5 98 25 50 29 4 41 37 14 3 31 65 6 8 60 62 9 16 17 20 68 39 23 40 42 28 44 73 46 47 75 22 48 99 78 93 52 59 69 84 49 70 76 24 89 45 77 80 51 63 81 26 34 38 43 53 95 54 55 56 96 58 57 64 66 67 82 86 87 90 91 94
geracao 1: 15 10 12 92 27 13 2 19 74 61 1 79 71 33 83 36 11 100 97 35 72 21 30 28 29 31 22 41 50 25 26 70 32 43 47 85 52 53 38 37 88 93 98 16 49 60 48 14 46 59 23 95 78 4 73 69 9 3 6 17 24 18 34 84 75 62 7 76 42 40 39 5 99 8 44 65 81 63 51 80 77 45 89 20 68 54 55 56 96 58 57 64 66 67 82 86 87 90 91 94
geracao 2: 72 92 18 2 30 85 29 91 21 60 5 27 98 4 97 14 16 12 15 3 13 94 90 31 35 6 33 7 25 50 8 61 9 62 32 65 52 53 38 37 93 49 48 46 59 23 95 78 73 69 17 24 34 84 75 76 42 40 39 99 44 81 63 51 80 77 45 89 20 68 10 19 74 79 71 83 36 11 28 22 41 26 70 43 47 54 55 56 96 58 57 64 66 67 82 86 87 88 100 1
geracao 3: 72 92 18 2 30 85 29 91 21 60 5 27 98 4 97 14 16 12 15 3 13 94 90 31 35 6 33 7 25 50 8 61 9 62 32 65 52 53 38 37 93 49 48 46 59 23 95 78 73 69 17 24 34 84 75 76 42 40 39 99 44 81 63 51 80 77 45 89 20 68 10 19 74 79 71 83 57 58 96 56 55 54 47 43 70 26 41 22 28 11 36 64 66 67 82 86 87 88 100 1
geracao 4: 72 92 18 2 30 85 29 91 21 60 5 27 73 23 53 38 37 95 25 35 15 12 16 14 97 4 98 46 48 49 17 24 34 84 75 62 76 42 40 39 99 8 44 65 63 51 80 77 45 89 52 93 78 31 50 9 32 69 81 59 6 7 3 90 94 13 61 33 20 68 10 19 74 79 71 83 57 58 96 56 55 54 47 43 70 26 41 22 28 11 36 64 66 67 82 86 87 88 100 1
geracao 5: 2 14 97 7 50 25 4 98 27 5 60 21 91 29 85 30 16 12 15 3 13 94 90 31 35 6 8 61 9 62 32 65 52 53 38 37 93 23 59 46 48 49 95 78 73 69 80 51 63 81 44 99 39 40 42 76 75 84 34 24 17 77 45 89 20 33 68 10 19 74 79 71 83 57 58 96 56 55 54 47 43 70 26 41 22 28 11 36 64 66 67 82 86 87 88 100 1 72 92 18
geracao 7: 92 72 1 100 88 87 86 5 27 98 4 97 14 16 12 15 3 13 94 90 31 35 6 11 54 55 33 7 25 50 17 24 34 84 75 76 42 40 39 99 44 65 63 51 80 77 45 89 52 93 78 59 81 69 32 20 68 57 95 37 38 53 23 73 46 48 49 47 43 70 26 41 22 28 36 8 61 9 62 83 71 79 74 19 10 56 96 58 64 66 67 82 60 21 91 29 85 30 2 18
geracao 8: 27 5 60 21 91 29 94 90 31 6 7 50 8 61 9 14 16 12 15 35 25 95 37 38 53 23 73 46 48 49 32 65 52 93 59 78 69 80 51 63 81 44 99 39 40 42 76 75 84 34 24 17 77 45 89 20 33 68 10 19 74 79 71 83 57 58 36 11 28 22 41 26 70 43 47 54 55 56 96 62 64 66 67 82 86 87 2 18 30 13 3 85 92 72 1 100 88 97 4 98
geracao 9: 27 5 60 21 91 29 94 90 31 6 7 50 8 61 9 14 16 12 15 35 25 95 37 38 53 23 73 46 48 49 32 65 52 93 59 78 69 80 51 63 81 44 99 39 40 42 76 75 84 34 24 17 77 45 89 20 33 68 70 26 41 22 28 11 36 58 57 83 71 79 74 19 10 43 47 54 55 56 96 62 64 66 67 82 86 87 2 18 30 13 3 85 92 72 1 100 88 97 4 98
geracao 10: 27 5 60 21 91 29 94 90 31 6 7 50 8 61 9 14 16 12 15 35 25 95 37 38 53 23 73 46 48 49 32 65 52 93 59 78 69 80 51 63 81 44 99 39 40 42 76 75 84 83 71 79 74 19 10 68 33 20 89 45 77 17 24 34 57 58 36 11 28 22 41 26 70 43 47 54 55 56 96 62 64 66 67 82 86 87 2 18 30 13 3 85 92 72 1 100 88 97 4 98
geracao 11: 94 90 31 34 24 17 77 70 26 6 7 50 8 61 9 14 16 12 15 35 25 95 37 38 53 23 73 46 48 49 32 65 52 93 59 78 69 80 51 63 81 44 99 39 40 42 76 75 84 83 71 79 74 19 10 68 33 20 89 45 41 22 28 11 36 58 57 18 2 87 86 82 67 66 64 62 96 56 55 54 47 43 30 13 3 85 92 72 1 100 88 97 4 98 27 5 60 21 91 29
geracao 12: 94 90 31 34 24 17 77 70 26 6 7 50 8 61 9 14 16 12 15 35 25 95 37 38 53 23 73 46 48 49 32 65 52 93 59 78 69 80 51 63 81 44 33 68 10 19 74 79 71 83 84 75 76 42 40 39 99 20 89 45 41 22 28 11 36 58 57 18 2 87 86 82 67 66 64 62 96 56 55 54 47 43 30 13 3 85 92 72 1 100 88 97 4 98 27 5 60 21 91 29
geracao 13: 27 5 60 21 91 29 94 90 31 6 7 50 8 61 9 14 16 12 15 35 25 95 37 38 53 23 73 46 48 49 32 65 52 93 59 78 69 80 51 63 81 44 99 39 40 42 76 75 84 83 77 17 24 34 57 58 74 79 71 45 89 20 33 68 70 26 41 22 28 11 36 19 10 43 47 54 55 56 96 62 64 66 67 82 86 87 2 18 30 13 3 85 92 72 1 100 88 97 4 98
geracao 14: 90 31 6 7 50 8 61 9 14 16 12 15 35 25 95 37 56 96 62 64 66 67 82 38 53 23 73 46 48 49 32 65 52 93 59 78 69 80 51 63 81 44 99 39 40 42 76 75 84 83 77 17 24 34 57 58 74 79 71 45 89 20 33 68 70 26 41 22 28 11 36 19 10 43 47 54 55 86 87 2 18 30 13 3 85 92 72 1 100 88 97 4 98 27 5 60 21 91 29 94
geracao 15: 90 31 6 7 50 8 61 9 14 16 12 15 35 25 95 37 56 96 62 64 66 67 82 38 53 23 73 46 48 49 32 65 52 93 59 78 69 80 51 63 81 44 99 39 40 45 71 79 74 58 57 34 24 17 77 83 84 75 76 42 89 20 33 68 70 26 41 22 28 11 36 19 10 43 47 54 55 86 87 2 18 30 13 3 85 92 72 1 100 88 97 4 98 27 5 60 21 91 29 94
geracao 16: 9 14 16 12 15 35 25 95 37 98 19 10 22 28 11 36 18 96 62 64 66 67 82 38 53 23 73 46 48 49 32 65 52 93 59 78 69 80 51 63 81 44 99 39 40 42 76 75 84 83 77 17 24 34 57 58 74 79 71 45 89 20 33 68 70 26 41 30 43 13 3 85 92 72 1 100 88 97 4 56 86 87 2 47 54 55 27 5 60 21 91 29 94 90 31 6 7 50 8 61
geracao 17: 50 8 61 9 14 16 12 15 35 25 95 55 54 47 43 37 22 28 62 64 66 67 82 38 51 80 69 78 59 93 52 65 32 49 48 46 73 23 53 63 81 44 99 39 40 42 76 75 84 83 77 17 24 34 57 58 74 79 71 45 89 20 33 68 70 26 41 30 18 11 36 19 10 56 96 86 87 2 13 3 85 92 72 1 100 88 97 4 98 27 5 60 21 91 29 94 90 31 6 7
geracao 19: 89 20 33 68 70 26 41 30 19 25 95 55 54 47 43 37 22 28 62 64 66 67 82 38 51 80 69 78 59 93 52 65 32 49 48 46 73 23 53 63 81 44 99 39 40 42 76 75 84 83 77 17 24 34 57 58 74 79 71 45 10 11 36 18 96 2 87 86 56 4 97 88 100 1 72 92 85 3 13 27 5 60 21 91 29 94 90 31 98 14 9 61 8 50 7 6 16 12 15 35
geracao 20: 89 20 33 68 70 26 41 30 19 25 95 55 54 47 43 37 22 28 62 64 66 67 82 38 51 80 69 78 59 93 52 65 32 49 48 46 73 23 53 63 81 44 99 39 40 42 76 75 84 83 77 17 24 34 57 58 74 79 71 45 10 11 36 18 96 2 87 86 56 4 97 88 90 94 29 91 21 60 5 27 13 3 85 92 72 1 100 31 98 14 9 61 8 50 7 6 16 12 15 35
geracao 21: 89 20 33 68 70 26 41 30 19 25 95 55 54 47 43 37 22 28 62 64 66 67 82 38 51 80 69 78 59 93 52 65 18 11 36 10 96 17 24 34 57 58 74 79 71 45 40 39 99 44 81 63 77 83 84 75 76 42 13 3 85 92 72 1 100 88 97 4 56 86 87 2 27 5 32 49 48 46 73 23 53 60 21 91 29 94 90 31 98 14 9 61 8 50 7 6 16 12 15 35
geracao 23: 54 47 43 37 22 28 62 64 66 67 82 38 51 80 69 78 59 93 52 65 32 49 48 46 18 11 36 10 96 17 24 34 57 58 74 79 71 45 40 39 99 44 81 63 77 83 84 75 76 42 100 88 97 4 56 86 87 2 73 23 53 60 21 91 89 20 33 68 70 26 41 30 19 1 72 92 85 3 13 27 5 16 6 7 50 8 61 9 14 98 31 90 94 29 12 15 35 25 95 55
geracao 24: 54 47 43 37 22 28 62 64 66 67 82 69 80 51 38 52 65 32 49 48 46 78 59 93 99 44 81 63 76 75 84 83 77 45 71 79 74 58 57 34 2 3 13 27 21 60 5 91 89 20 33 68 70 26 41 30 19 96 18 36 11 10 24 17 42 40 39 53 23 73 85 92 72 1 100 98 14 9 61 8 50 7 6 16 87 86 56 4 97 88 31 90 94 29 12 15 35 25 95 55
geracao 25: 54 47 43 37 22 28 62 64 66 67 82 69 80 51 38 52 65 32 49 48 46 78 59 93 99 44 81 63 76 75 84 83 77 45 71 79 74 58 57 34 2 3 13 27 18 96 19 30 41 26 70 68 33 20 89 91 5 60 21 36 11 10 24 17 42 40 39 53 23 73 85 92 72 1 100 88 97 4 56 86 87 16 6 7 50 8 61 9 14 98 31 90 94 29 12 15 35 25 95 55
geracao 27: 22 28 62 78 46 48 49 32 65 52 38 51 80 69 82 67 66 64 59 93 3 13 27 5 18 11 36 10 96 17 24 34 57 58 74 79 71 45 40 39 99 44 81 63 77 83 84 75 76 42 100 88 97 4 56 86 87 2 73 23 53 60 21 91 89 20 33 68 70 26 41 30 19 1 94 90 31 98 14 9 61 8 50 7 6 16 85 92 72 29 12 15 35 25 95 55 54 47 43 37
geracao 28: 64 66 67 82 69 80 51 38 52 78 59 93 3 13 27 5 33 68 70 65 32 49 48 46 18 11 99 39 40 45 71 79 74 58 57 34 24 17 96 10 36 44 81 63 77 83 84 75 76 42 100 88 97 4 56 86 87 2 73 23 53 60 21 91 20 89 19 30 41 26 85 92 72 1 98 14 9 61 8 50 7 6 16 31 90 94 29 12 15 35 25 95 55 54 47 43 37 22 28 62
geracao 29: 67 66 64 82 69 80 51 38 52 78 59 93 3 13 27 5 33 68 70 65 32 49 48 46 18 11 99 39 40 45 71 79 74 58 57 34 24 17 96 10 36 44 81 63 77 83 84 75 76 42 100 88 97 4 56 86 87 2 73 23 53 60 21 91 89 20 26 41 30 19 1 94 90 31 98 14 9 61 8 50 7 6 16 85 92 72 29 12 15 35 25 95 55 54 47 43 37 22 28 62
geracao 30: 69 80 51 38 52 78 59 93 3 13 27 5 1 19 30 41 33 68 70 65 32 49 48 46 18 11 99 39 40 45 71 79 74 58 57 34 24 17 96 10 36 44 81 63 77 83 84 75 76 42 100 88 97 4 56 86 87 2 73 23 53 60 21 91 89 20 26 94 90 31 98 14 9 61 8 50 7 6 16 85 92 72 29 12 15 35 25 95 55 54 47 43 37 22 28 62 67 66 64 82
geracao 31: 67 66 64 82 69 80 51 38 52 78 59 93 3 13 27 5 33 68 70 65 32 49 48 46 18 11 99 39 40 45 71 79 74 58 57 34 24 17 96 10 36 44 81 63 77 83 84 75 76 42 100 88 97 4 56 86 1 19 30 41 26 20 89 91 21 60 53 2 73 23 87 94 90 31 98 14 9 61 8 50 7 6 16 85 92 72 29 12 15 35 25 95 55 54 47 43 37 22 28 62
geracao 32: 67 66 64 82 69 80 51 38 52 78 59 93 3 13 27 5 33 68 70 65 57 58 74 79 71 45 40 39 99 11 18 46 48 49 32 34 24 17 96 10 36 44 81 63 77 83 84 75 76 42 100 88 97 4 56 86 1 19 30 41 26 20 89 91 21 60 53 2 73 23 87 94 90 31 98 14 9 61 8 50 7 6 16 85 92 72 29 12 15 35 25 95 55 54 47 43 37 22 28 62
geracao 33: 69 80 51 38 52 78 59 93 3 13 27 5 1 19 30 41 33 68 70 65 32 49 48 46 18 11 99 36 10 96 17 24 34 57 58 74 79 71 45 40 39 44 81 63 77 83 84 75 76 42 100 88 97 4 56 86 87 2 73 23 31 98 14 9 61 8 85 92 16 6 7 50 53 60 21 91 89 20 26 94 90 72 29 12 15 35 25 95 55 54 47 43 37 22 28 62 67 66 64 82
geracao 34: 69 80 51 38 52 78 59 93 3 13 27 5 1 19 30 41 33 68 70 65 32 49 48 46 18 11 99 96 17 24 34 57 58 74 79 71 45 40 39 81 63 77 83 84 75 76 42 100 88 97 4 56 86 26 20 89 91 21 60 53 2 73 23 87 94 90 31 98 14 9 61 8 50 7 6 16 44 36 10 85 92 72 29 12 15 35 25 95 55 54 47 43 37 22 28 62 67 66 64 82
geracao 35: 69 80 51 38 52 78 59 93 3 13 27 5 1 19 30 41 33 68 70 65 32 49 48 46 18 11 99 96 17 24 34 57 58 74 79 71 45 40 39 81 63 77 83 84 75 76 42 100 88 97 4 56 86 26 20 89 91 21 60 53 2 73 23 87 94 90 31 98 29 72 92 85 10 36 44 16 6 7 50 8 61 9 14 12 15 35 25 95 55 54 47 43 37 22 28 62 67 66 64 82
geracao 36: 93 3 13 27 5 1 19 30 41 33 68 70 65 32 26 20 89 91 21 60 53 49 48 46 18 11 99 44 36 10 96 17 24 34 57 58 74 79 71 45 40 39 81 63 77 83 84 75 76 42 100 88 97 4 56 86 87 2 73 23 8 61 9 14 98 31 92 85 29 72 90 94 50 7 6 16 12 15 35 25 95 55 54 47 43 37 22 28 62 67 66 64 82 69 80 51 38 52 78 59
geracao 37: 93 3 13 27 5 1 19 30 41 33 68 70 65 32 26 20 89 91 21 60 53 49 48 46 18 11 99 44 36 10 96 17 24 34 57 58 74 79 71 45 40 39 81 63 77 83 84 75 76 42 100 88 97 85 92 31 98 14 9 61 8 23 73 2 87 86 56 4 29 72 90 94 50 7 6 16 12 15 35 25 95 55 54 47 43 37 22 28 62 67 66 64 82 69 80 51 38 52 78 59
geracao 38: 93 3 13 27 5 1 19 99 11 18 46 48 49 32 65 70 30 41 33 68 26 20 89 91 21 60 53 36 44 10 96 17 24 34 57 58 74 79 71 45 40 39 81 63 77 83 84 75 76 42 100 88 97 4 56 86 87 2 73 23 8 61 9 14 98 31 92 85 29 72 90 94 50 7 6 16 12 15 35 25 95 55 54 47 43 37 22 28 62 67 66 64 82 69 80 51 38 52 78 59
geracao 40: 60 53 36 44 10 14 9 61 8 2 27 5 1 19 30 41 33 68 75 76 34 24 17 96 99 11 18 46 48 49 32 65 70 84 83 77 63 81 39 40 45 71 79 74 58 57 42 100 88 87 23 73 31 90 94 97 4 56 86 26 20 98 92 85 29 72 50 7 6 16 12 15 35 25 95 55 54 47 43 37 22 28 62 67 66 64 82 69 80 51 38 52 78 59 93 3 13 89 91 21
geracao 41: 60 53 36 44 10 14 9 61 8 2 27 5 1 19 30 49 48 46 18 11 99 96 17 24 34 76 75 68 33 41 32 65 70 84 83 77 63 81 39 40 45 71 79 74 58 57 42 100 88 87 23 73 31 90 94 97 4 56 86 26 20 98 92 85 29 72 50 7 6 16 12 15 35 25 95 55 54 47 43 37 22 28 62 67 66 64 82 69 80 51 38 52 78 59 93 3 13 89 91 21
geracao 43: 60 53 36 44 10 14 9 61 8 2 27 5 1 19 30 49 48 46 18 11 99 96 17 24 34 76 75 68 33 41 32 65 70 84 83 77 63 81 39 40 45 42 100 88 97 4 56 86 29 72 92 85 31 87 23 73 98 90 94 50 7 6 16 12 15 35 25 95 55 54 47 43 37 22 28 62 67 66 64 82 69 80 51 71 79 74 58 57 20 26 38 52 78 59 93 3 13 89 91 21
geracao 44: 9 14 10 44 36 53 60 21 91 89 13 5 1 19 30 49 48 46 18 11 99 96 17 24 34 76 75 68 33 41 32 65 70 84 83 77 63 81 39 40 45 42 100 88 97 4 56 86 29 72 92 85 31 87 23 73 98 90 94 50 7 6 16 12 15 35 25 95 55 54 47 43 37 22 28 62 67 66 64 82 69 80 51 71 79 74 58 57 20 26 38 52 78 59 93 3 27 2 8 61
geracao 45: 1 5 27 2 8 61 9 14 10 44 36 53 60 21 30 49 48 46 18 11 99 96 17 24 34 76 75 68 33 41 32 65 70 84 83 77 63 81 39 40 42 100 88 97 4 56 86 29 72 92 85 31 87 23 73 98 90 94 50 7 6 16 12 15 35 25 95 55 54 47 43 37 22 28 62 67 66 64 82 69 80 71 79 74 58 57 20 26 45 51 38 52 78 59 93 3 13 89 91 19
geracao 47: 1 5 27 2 8 61 9 14 10 44 36 53 60 21 30 49 48 46 18 11 99 96 17 24 34 76 75 68 33 41 32 65 70 84 83 77 63 81 39 40 45 42 100 88 97 4 56 86 29 12 16 6 7 50 94 90 98 73 23 87 31 85 92 72 15 35 25 95 55 54 47 43 37 22 28 62 67 66 64 82 69 80 51 71 79 74 58 57 20 26 38 52 78 59 93 3 13 89 91 19
geracao 48: 1 5 27 2 8 11 18 46 48 49 30 21 60 53 36 44 10 14 9 61 99 96 17 24 34 76 75 68 33 41 32 65 70 84 83 77 63 81 39 40 45 42 100 88 97 4 56 86 29 12 16 6 7 50 94 90 98 73 23 87 31 85 92 72 15 35 25 95 55 54 47 43 37 22 28 62 67 66 64 82 69 80 51 71 79 74 58 57 20 26 38 52 78 59 93 3 13 89 91 19
geracao 49: 9 61 8 2 27 5 13 3 93 21 91 89 1 19 30 49 48 46 18 11 99 96 17 24 34 76 75 68 33 41 32 65 70 84 83 77 63 81 39 40 45 42 100 88 97 4 56 86 29 12 16 6 7 50 94 90 98 73 23 87 31 85 92 72 15 35 25 95 55 54 47 43 37 22 28 62 67 66 64 82 69 80 51 71 79 74 58 57 20 26 38 52 78 59 60 53 36 44 10 14
geracao 50: 38 26 20 2 8 11 18 46 48 49 30 21 60 68 75 76 34 24 17 96 99 61 9 14 10 44 36 53 33 41 32 65 70 84 83 77 63 81 39 40 45 42 100 88 97 4 56 86 29 12 16 6 7 50 94 90 98 73 23 87 31 85 92 72 15 35 25 95 55 54 47 43 37 22 28 62 67 66 64 82 69 80 51 71 79 74 58 57 27 5 1 19 89 91 93 3 13 59 78 52
geracao 52: 38 26 20 2 8 11 18 46 48 49 30 21 60 68 75 76 34 24 17 96 99 61 9 14 10 44 36 53 33 41 32 65 70 84 83 77 63 81 39 40 45 42 100 88 97 4 56 86 29 12 16 6 7 50 94 90 98 73 23 87 31 85 92 72 15 35 25 95 55 54 47 43 37 57 58 74 79 71 51 80 69 82 64 66 67 62 28 22 27 5 1 19 89 91 93 3 13 59 78 52
geracao 53: 3 13 20 2 8 11 18 46 48 49 30 21 60 68 75 76 34 24 17 96 99 61 9 14 10 44 36 53 33 41 32 65 70 84 83 77 63 81 39 40 45 42 100 88 97 4 56 86 7 6 16 12 29 50 94 90 98 73 23 87 31 85 92 72 15 35 25 95 55 54 47 43 37 22 28 62 67 66 64 82 69 80 51 71 79 74 58 57 26 38 52 78 59 27 5 1 19 89 91 93
geracao 54: 3 13 20 2 8 11 18 46 48 49 30 21 60 68 75 76 34 24 17 96 99 61 9 14 10 44 36 42 45 40 39 81 63 77 83 84 70 65 32 41 33 53 100 88 97 4 56 86 7 6 16 12 29 50 94 90 98 73 23 87 31 85 92 72 15 35 25 95 55 54 47 43 37 22 28 62 67 66 64 82 69 80 51 71 79 74 58 57 26 38 52 78 59 27 5 1 19 89 91 93
geracao 55: 48 46 18 11 8 2 20 26 38 52 78 59 60 68 75 76 34 24 17 96 99 61 9 14 10 44 36 53 33 41 32 65 70 84 83 77 63 81 39 40 45 42 100 88 97 4 56 86 95 25 35 15 72 92 85 31 87 23 29 12 16 6 7 55 54 47 43 37 22 28 62 67 66 64 82 69 80 51 71 79 74 58 57 27 5 13 3 93 91 89 1 19 73 98 90 94 50 21 30 49
geracao 57: 48 46 18 11 8 2 20 26 38 52 78 59 60 68 75 76 34 24 17 96 99 61 9 14 10 44 36 53 33 41 32 65 70 84 83 77 63 81 39 40 45 42 100 88 97 4 56 86 95 25 35 15 72 92 85 31 87 23 29 12 16 6 7 55 54 47 43 37 57 58 74 79 71 51 80 69 82 64 66 67 62 28 22 27 5 13 3 93 91 89 1 19 73 98 90 94 50 21 30 49
geracao 59: 48 45 44 10 14 9 61 99 96 17 24 34 76 75 68 60 40 39 81 63 77 83 84 70 65 32 41 33 53 36 42 26 38 52 78 59 46 18 11 8 2 20 100 88 97 4 56 86 95 25 35 15 72 92 85 31 87 23 29 12 16 6 7 55 54 47 43 37 22 28 62 67 66 64 82 69 80 51 71 79 74 58 57 27 5 13 3 93 91 89 1 19 73 98 90 94 50 21 30 49
geracao 60: 48 45 40 60 68 75 76 34 24 17 96 99 61 9 14 10 44 39 81 63 77 83 84 70 65 32 41 33 53 36 42 26 38 52 78 59 46 18 11 8 2 20 100 88 97 4 56 86 95 25 35 15 72 92 85 31 87 23 29 12 16 6 7 55 54 47 43 37 22 28 62 67 66 64 82 69 80 51 71 79 74 58 57 27 5 13 3 93 91 89 1 19 73 98 90 94 50 21 30 49
geracao 62: 48 45 40 60 68 75 76 34 24 17 96 99 61 9 14 10 44 39 81 63 77 83 84 70 65 32 41 33 53 36 42 26 38 52 78 59 46 18 11 8 2 20 100 88 97 4 56 86 95 25 35 15 72 92 85 31 87 23 29 12 16 6 7 55 54 47 43 37 22 28 62 67 66 64 82 69 80 51 71 79 74 58 57 21 50 94 90 98 73 19 1 89 91 93 3 13 5 27 30 49
geracao 64: 48 45 40 60 68 75 76 34 24 17 96 99 61 9 14 10 44 39 81 63 77 83 84 70 65 32 41 33 53 36 42 26 38 52 78 59 46 18 11 8 2 20 100 88 97 35 25 95 86 56 4 15 72 92 85 31 87 23 29 12 16 6 7 55 54 47 43 37 22 28 62 67 66 64 82 69 80 51 71 79 74 58 57 21 50 94 90 98 73 19 1 89 91 93 3 13 5 27 30 49
geracao 66: 48 45 40 39 44 10 14 9 61 99 96 17 24 34 76 75 68 60 81 63 77 83 84 70 65 32 41 33 53 36 42 26 38 52 78 59 46 18 11 8 2 20 100 88 97 35 25 95 86 56 4 15 72 92 85 31 87 23 29 12 16 6 7 55 54 47 43 37 22 28 62 67 66 64 82 69 80 51 71 79 74 58 57 21 50 94 90 98 73 19 1 89 91 93 3 13 5 27 30 49
geracao 67: 48 45 40 39 44 10 14 9 61 99 96 17 24 34 76 75 68 60 81 63 77 83 84 70 65 32 41 33 53 36 42 26 38 52 78 59 46 18 11 8 2 20 100 88 97 35 25 95 86 56 4 15 72 92 85 31 87 23 29 12 16 6 7 55 54 47 43 37 57 58 74 79 71 51 80 69 82 64 66 67 62 28 22 21 50 94 90 98 73 19 1 89 91 93 3 13 5 27 30 49
geracao 70: 48 45 40 39 44 10 14 9 61 99 96 17 24 34 76 75 68 60 81 63 77 83 84 70 65 32 41 33 53 36 42 26 38 52 78 59 46 18 11 8 2 20 100 88 97 35 25 95 86 56 4 15 72 92 85 31 87 23 29 12 16 6 7 55 54 47 43 37 57 58 74 79 71 51 80 69 82 64 66 67 62 28 22 21 50 94 90 98 73 19 1 91 89 93 3 13 5 27 30 49
geracao 71: 48 45 40 39 44 10 14 9 61 99 96 17 24 33 41 32 65 70 84 83 77 63 81 60 68 75 76 34 53 36 42 26 38 52 78 59 46 18 11 8 2 20 100 88 97 35 25 95 86 56 4 15 72 92 85 31 87 23 29 12 16 6 7 55 54 47 43 37 57 58 74 79 71 51 80 69 82 64 66 67 62 28 22 21 50 94 90 98 73 19 1 91 89 93 3 13 5 27 30 49
geracao 73: 44 39 40 45 48 49 30 27 5 13 96 17 24 34 76 75 68 60 81 63 77 83 84 70 65 32 41 33 53 36 42 26 38 52 78 59 46 18 11 8 2 20 100 88 97 12 29 23 87 31 85 92 72 15 4 56 86 95 25 35 16 6 7 55 54 47 62 67 66 64 82 69 80 51 71 79 74 58 57 37 43 28 22 21 50 94 90 98 73 19 1 91 89 93 3 99 61 9 14 10
geracao 75: 44 39 40 45 48 49 30 27 5 13 96 17 24 33 41 32 65 70 84 83 77 63 81 60 68 75 76 34 53 36 42 26 38 52 78 59 46 18 11 8 2 20 100 88 97 12 29 23 87 31 85 92 72 15 4 56 86 95 25 35 16 6 7 55 54 47 62 67 66 64 82 69 80 51 71 79 74 58 57 37 43 28 22 21 50 94 90 98 73 19 1 91 89 93 3 99 61 9 14 10
geracao 77: 44 39 40 45 48 49 30 27 5 13 96 17 24 33 41 32 65 70 84 83 77 63 81 60 68 75 76 34 53 36 42 26 38 52 78 59 46 18 11 8 2 20 100 88 97 35 25 95 86 56 4 15 72 92 85 31 87 23 29 12 16 6 7 55 54 47 62 67 66 64 82 69 80 51 71 79 74 58 57 37 43 28 22 21 50 94 90 98 73 19 1 91 89 93 3 99 61 9 14 10
geracao 78: 30 27 5 13 96 17 24 60 81 63 77 83 84 70 65 32 41 33 68 75 76 34 53 36 42 26 38 52 78 59 46 18 11 1 91 89 93 3 99 8 2 20 100 88 97 12 29 23 87 31 85 92 72 15 4 56 86 95 25 35 16 6 7 55 54 47 62 67 66 64 82 69 80 51 71 79 74 58 57 37 43 28 22 21 50 94 90 98 73 19 61 9 14 10 44 39 40 45 48 49
geracao 79: 30 27 5 13 96 17 24 33 41 32 65 70 84 83 77 63 81 60 68 75 76 34 53 36 42 26 38 52 78 59 46 18 11 1 91 89 93 3 99 8 2 20 100 88 97 12 29 23 87 31 85 92 72 15 4 56 86 95 25 35 16 6 7 55 54 47 62 67 66 64 82 69 80 51 71 79 74 58 57 37 43 28 22 21 50 94 90 98 73 19 61 9 14 10 44 39 40 45 48 49
geracao 80: 30 27 5 13 96 17 24 33 41 32 65 70 84 83 77 63 81 60 68 75 76 34 53 36 42 26 38 52 78 59 46 18 11 1 91 89 93 3 99 8 2 20 100 88 97 35 25 95 86 56 4 15 72 92 85 31 87 23 29 12 16 6 7 55 54 47 62 67 66 64 82 69 80 51 71 79 74 58 57 37 43 28 22 21 50 94 90 98 73 19 61 9 14 10 44 39 40 45 48 49
geracao 83: 17 24 33 41 32 65 70 84 83 77 63 81 60 68 78 59 46 18 11 1 91 89 93 3 99 8 2 20 100 88 97 35 73 19 61 9 14 25 95 86 56 4 15 72 92 85 31 87 23 29 12 16 6 7 55 54 47 34 53 36 42 26 38 52 51 80 69 82 64 66 67 62 76 75 71 79 74 58 57 48 45 40 39 44 10 98 90 94 50 21 22 28 43 37 49 30 27 5 13 96
geracao 86: 17 24 33 41 32 65 70 84 83 77 63 81 60 68 78 59 46 18 11 1 91 89 93 3 99 8 2 20 100 88 97 35 73 19 61 9 14 25 95 86 56 4 15 72 92 85 31 87 23 29 12 16 6 7 55 54 47 62 67 66 64 82 74 79 71 75 76 34 53 36 42 26 38 52 51 80 69 58 57 37 43 28 22 21 13 5 27 30 49 48 45 40 39 44 10 98 90 94 50 96
geracao 89: 27 24 33 41 32 65 70 84 83 77 63 81 60 68 78 59 46 18 11 1 91 89 93 3 99 8 2 20 100 88 97 35 73 19 61 9 14 25 95 86 56 4 15 72 92 85 31 87 23 29 12 16 6 7 55 54 47 62 67 66 64 82 74 79 71 75 76 34 53 36 42 26 38 52 51 80 69 58 57 37 43 28 22 21 13 5 17 96 50 94 90 98 10 44 39 40 45 48 49 30
geracao 90: 17 24 33 41 32 65 70 84 83 77 63 81 60 68 78 59 46 18 11 1 91 89 93 3 99 8 2 20 100 88 97 35 73 19 61 29 23 87 31 85 92 72 15 4 56 86 95 25 14 9 12 16 6 7 55 54 47 62 67 66 64 82 74 79 71 75 76 34 53 36 42 26 38 52 51 80 69 58 57 37 43 28 22 21 13 5 27 30 49 48 45 40 39 44 10 98 90 94 50 96
geracao 92: 27 24 33 41 32 65 70 84 83 77 63 81 60 68 78 59 46 18 11 1 91 89 93 3 99 8 2 20 100 88 97 35 73 19 61 29 23 87 31 85 92 72 15 4 56 86 95 25 14 9 12 16 6 7 55 54 47 62 67 66 51 52 38 26 42 36 53 34 76 75 71 79 74 82 64 80 69 58 57 37 43 28 22 21 13 5 17 96 50 94 90 98 10 44 39 40 45 48 49 30
geracao 93: 27 24 33 41 32 65 70 84 83 77 63 81 60 68 78 59 46 18 11 1 91 89 93 3 99 8 2 20 100 88 97 35 73 19 61 29 23 87 31 85 92 72 15 4 56 86 95 25 14 9 12 16 6 7 55 54 47 62 67 66 51 52 38 26 42 36 53 34 76 75 71 79 74 82 64 80 69 58 57 37 43 40 39 44 10 98 90 94 50 96 17 5 13 21 22 28 45 48 49 30
geracao 94: 27 24 33 41 32 65 70 84 83 77 63 81 60 68 78 59 46 18 11 1 91 89 93 3 99 8 2 20 100 88 97 35 73 25 95 86 56 4 15 72 92 85 31 87 23 29 61 19 14 9 12 16 6 7 55 54 47 62 67 66 51 52 38 26 42 36 53 34 76 75 71 79 74 82 64 80 69 58 57 37 43 28 22 21 13 5 17 96 50 94 90 98 10 44 39 40 45 48 49 30
geracao 98: 27 24 33 41 32 65 70 84 83 77 63 81 60 68 78 59 46 18 11 1 91 89 93 3 99 8 2 20 100 88 97 35 73 25 95 86 56 4 15 72 92 85 31 87 23 29 61 19 14 9 12 16 6 7 55 54 47 62 67 66 76 75 71 79 34 53 36 42 26 38 52 51 74 82 64 80 69 58 57 37 43 28 22 21 13 5 17 96 50 94 90 98 10 44 39 40 45 48 49 30
geracao 99: 27 24 33 41 32 65 70 84 83 77 63 81 60 68 78 59 46 18 11 1 91 89 93 3 99 8 2 20 100 88 97 35 73 25 95 86 56 4 15 72 92 85 31 87 23 29 61 19 14 9 12 16 6 7 55 54 47 62 67 66 51 26 38 52 53 36 42 34 76 75 71 79 74 82 64 80 69 58 57 37 43 28 22 21 13 5 17 96 50 94 90 98 10 44 39 40 45 48 49 30
geracao 103: 27 24 33 41 32 65 70 84 83 77 63 81 60 68 78 59 46 18 11 1 91 89 93 3 99 8 2 20 100 88 97 35 73 25 95 86 56 4 15 72 92 85 31 87 23 29 61 19 14 9 12 16 6 7 55 54 47 62 67 66 51 26 38 52 53 36 42 34 76 75 71 79 74 82 64 80 69 58 57 37 43 40 39 44 10 98 90 94 50 96 17 5 13 21 22 28 45 48 49 30
geracao 104: 27 24 33 41 32 65 70 84 83 77 63 81 60 68 78 59 46 18 11 1 91 89 93 3 99 8 2 20 100 88 97 35 73 25 95 86 56 4 15 72 92 85 31 87 23 29 61 19 14 9 12 16 6 7 55 54 47 62 67 66 76 75 71 79 57 58 69 80 64 82 74 51 52 38 26 42 36 53 34 44 10 98 90 94 50 96 17 5 13 21 22 28 43 37 39 40 45 48 49 30
geracao 106: 27 24 33 41 32 65 70 84 83 77 63 81 60 68 78 59 46 18 11 1 91 89 93 3 99 8 2 20 100 88 97 35 73 25 95 86 56 4 15 72 92 85 31 87 23 29 61 19 14 9 12 16 6 7 55 54 47 62 67 66 76 75 71 79 57 58 69 80 64 82 74 51 52 38 26 42 34 36 53 37 43 40 39 44 10 98 90 94 50 96 17 5 13 21 22 28 45 48 49 30
geracao 108: 27 24 33 41 32 65 70 84 83 77 63 81 60 68 78 59 46 18 11 1 91 89 93 3 99 8 2 20 100 88 97 35 73 25 95 86 56 4 15 72 92 85 31 87 23 29 61 19 14 9 12 16 6 7 55 54 47 62 67 66 76 75 71 79 53 36 34 42 26 38 52 51 74 82 64 80 69 58 57 37 43 40 39 44 10 98 90 94 50 96 17 5 13 21 22 28 45 48 49 30
geracao 110: 27 24 33 41 32 65 70 84 83 77 63 81 60 68 78 59 46 18 11 1 91 89 93 3 99 8 2 20 100 88 97 35 73 25 95 86 56 4 15 72 92 85 31 87 23 29 61 19 14 9 12 16 6 7 55 54 47 62 67 66 76 75 71 79 53 36 34 42 26 38 52 51 74 82 64 80 69 58 57 37 43 40 45 28 22 21 13 5 17 96 50 94 90 98 10 44 39 48 49 30
geracao 111: 27 24 33 41 32 65 70 84 83 77 63 81 60 68 78 59 46 18 11 1 91 89 93 3 99 8 2 20 100 88 97 35 73 25 95 86 56 4 15 72 92 85 31 87 23 29 61 19 14 9 12 16 6 7 55 54 47 62 67 66 76 75 71 79 53 36 34 42 26 44 39 40 43 37 57 58 69 80 64 82 74 51 52 38 10 98 90 94 50 96 17 5 13 21 22 28 45 48 49 30
geracao 116: 27 24 33 41 32 65 70 84 83 77 63 81 60 68 78 59 46 18 11 1 91 89 93 3 99 8 2 20 100 88 97 35 73 25 95 86 56 4 15 72 92 85 31 87 23 29 61 19 14 9 12 16 6 7 55 54 47 62 67 37 43 40 39 44 26 42 34 36 53 79 71 75 76 66 57 58 69 80 64 82 74 51 52 38 10 98 90 94 50 96 17 5 13 21 22 28 45 48 49 30
geracao 125: 27 24 33 41 32 65 70 84 83 77 63 81 60 68 78 59 46 18 11 1 91 89 93 3 99 8 2 20 100 88 25 73 35 97 95 86 56 4 15 72 92 85 31 87 23 29 61 19 14 9 12 16 6 7 55 54 47 62 67 37 43 40 39 44 26 42 34 36 53 79 71 75 76 66 57 58 69 80 64 82 74 51 52 38 10 98 90 94 50 96 17 5 13 21 22 28 45 48 49 30
geracao 132: 41 32 65 70 84 83 77 63 81 60 68 78 59 46 18 11 1 91 89 93 3 99 8 2 20 100 88 25 73 35 97 95 86 56 4 15 72 92 85 31 87 23 29 61 19 14 9 12 16 6 7 55 54 47 62 67 37 43 40 39 44 26 42 34 36 53 79 71 75 76 66 57 58 69 80 64 82 74 51 52 38 10 98 90 94 50 96 17 5 13 21 22 28 45 48 49 30 27 24 33
geracao 133: 41 32 65 70 84 83 77 63 81 60 68 78 59 46 18 11 1 91 89 93 3 99 2 8 20 100 88 25 73 35 97 95 86 56 4 15 72 92 85 31 87 23 29 61 19 14 9 12 16 6 7 55 54 47 62 67 37 43 40 39 44 26 42 34 36 53 79 71 75 76 66 57 58 69 80 64 82 74 51 52 38 10 98 90 94 50 96 17 5 13 21 22 28 45 48 49 30 27 24 33
geracao 138: 62 47 65 70 84 83 77 63 81 60 68 78 59 46 18 11 1 91 89 93 3 99 2 8 20 100 88 25 73 35 97 95 86 56 4 15 72 92 85 31 87 23 29 61 19 14 9 12 16 6 7 55 54 39 44 26 42 34 36 53 79 71 75 76 66 57 58 69 80 64 82 74 51 52 38 10 98 90 94 50 96 17 5 13 21 22 28 45 48 49 30 27 24 32 41 33 40 43 37 67
geracao 140: 83 77 63 81 60 66 76 75 71 79 68 78 59 46 18 11 1 91 89 93 3 99 2 8 20 100 88 25 73 35 97 95 86 56 4 15 72 92 85 31 87 23 29 61 19 14 9 12 16 6 7 55 54 47 62 67 37 43 40 39 44 26 42 34 36 53 57 58 69 80 64 82 74 51 52 38 10 98 90 94 50 96 17 5 13 21 22 28 45 48 49 30 27 24 33 41 32 65 70 84
geracao 142: 71 75 76 66 60 81 63 77 83 84 70 65 59 46 18 11 1 91 89 93 3 99 2 8 20 100 88 25 73 35 97 95 86 56 4 15 72 92 85 31 87 23 29 61 19 14 9 12 16 6 7 55 54 47 62 67 37 43 40 39 44 26 42 34 36 53 57 58 69 80 64 82 74 51 52 38 10 98 90 94 50 96 17 5 13 21 22 28 45 48 49 30 27 24 33 41 32 78 68 79
geracao 144: 71 75 76 66 60 81 63 77 83 84 70 65 59 46 18 11 1 91 89 93 3 99 2 8 20 100 88 25 73 35 97 95 86 56 4 15 72 92 85 31 87 23 29 61 19 14 9 12 16 6 7 55 54 40 43 37 67 62 47 39 44 26 42 34 36 53 57 58 69 80 64 82 74 51 52 38 10 98 90 94 50 96 17 5 13 21 22 28 45 48 49 30 27 24 33 41 32 78 68 79
geracao 145: 71 75 76 66 60 81 63 77 83 84 70 65 59 46 18 11 1 91 89 93 3 99 2 8 20 100 88 25 73 35 97 95 86 56 4 15 72 92 85 31 87 23 29 61 19 14 9 12 16 6 7 55 54 47 62 67 37 43 40 39 44 38 52 51 74 82 64 80 69 58 57 53 36 34 42 26 10 98 90 94 50 96 17 5 13 21 22 28 45 48 49 30 27 24 33 41 32 78 68 79
geracao 146: 71 75 76 66 60 81 63 77 83 84 70 65 59 46 18 11 1 91 89 93 3 99 2 8 20 100 88 25 73 35 97 95 86 56 4 15 72 92 85 31 87 23 29 61 19 14 9 12 16 6 7 55 54 62 67 37 43 40 47 39 44 26 42 34 36 53 57 58 69 80 64 82 74 51 52 38 10 98 90 94 50 96 17 5 13 21 22 28 45 48 49 30 27 24 33 41 32 78 68 79
geracao 148: 71 75 76 66 60 81 63 77 83 84 70 65 59 46 18 11 1 91 89 93 3 99 2 8 20 100 88 25 73 35 97 95 86 56 4 15 72 92 85 31 87 23 29 61 19 14 9 12 16 6 7 55 54 62 67 47 37 43 40 39 44 38 52 51 74 82 64 80 69 58 57 53 36 34 42 26 10 98 90 94 50 96 17 5 13 21 22 28 45 48 49 30 27 24 33 41 32 78 68 79
geracao 152: 71 75 76 66 60 81 63 77 83 84 70 65 59 46 18 11 1 91 89 93 3 99 2 8 20 100 97 95 86 56 4 15 72 92 85 31 87 23 29 25 88 35 73 61 19 14 9 12 16 6 7 55 54 62 67 37 43 40 47 39 44 26 42 34 36 53 57 58 69 80 64 82 74 51 52 38 10 98 90 94 50 96 17 5 13 21 22 28 45 48 49 30 27 24 33 41 32 78 68 79
geracao 153: 71 75 76 66 60 81 63 77 83 84 70 65 59 46 18 11 1 91 89 93 3 99 2 8 20 100 88 25 29 23 87 31 85 92 72 15 4 56 86 95 97 35 73 61 19 14 9 12 16 6 7 55 54 62 67 37 43 40 47 39 44 38 52 51 74 82 64 80 69 58 57 53 36 34 42 26 10 98 90 94 50 96 17 5 13 21 22 28 45 48 49 30 27 24 33 41 32 78 68 79
geracao 155: 71 75 76 66 60 81 63 77 83 84 70 65 59 46 18 11 1 91 89 93 3 99 2 8 20 100 97 95 86 56 4 15 72 92 85 31 87 23 29 25 88 35 73 61 19 14 9 12 16 6 7 55 54 62 67 37 43 40 47 39 44 38 52 51 74 82 64 80 69 58 57 53 36 34 42 26 10 98 90 94 50 96 17 5 13 21 22 28 45 48 49 30 27 24 33 41 32 78 68 79
geracao 168: 71 75 76 66 60 81 63 77 83 84 70 65 59 46 18 11 1 91 89 93 3 99 2 8 20 100 97 95 86 56 4 15 72 92 85 31 87 23 29 25 88 35 73 61 19 14 9 12 16 6 7 55 54 62 67 37 43 40 47 39 44 38 52 51 64 82 74 80 69 58 57 53 36 34 42 26 10 98 90 94 50 96 17 5 13 21 22 28 45 48 49 30 27 24 33 41 32 78 68 79
geracao 170: 71 75 76 66 60 81 63 77 83 84 70 65 59 46 18 11 1 91 72 15 4 56 86 95 97 100 20 8 2 99 3 93 89 92 85 31 87 23 29 25 88 35 73 61 19 14 9 12 16 6 7 55 54 62 67 37 43 40 47 39 44 38 52 51 64 82 74 80 69 58 57 53 36 34 42 26 10 98 90 94 50 96 17 5 13 21 22 28 45 48 49 30 27 24 33 41 32 78 68 79
geracao 171: 71 75 76 66 60 81 63 77 83 84 70 65 59 46 18 11 1 91 72 15 4 56 86 95 97 25 29 23 87 31 85 92 89 93 3 99 2 8 20 100 88 35 73 61 19 14 9 12 16 6 7 55 54 62 67 37 43 40 47 39 44 38 52 51 64 82 74 80 69 58 57 53 36 34 42 26 10 98 90 94 50 96 17 5 13 21 22 28 45 48 49 30 27 24 33 41 32 78 68 79
geracao 173: 71 75 76 66 60 81 63 77 83 84 70 65 59 46 18 11 1 91 72 15 4 56 86 95 97 100 20 8 2 99 19 61 73 35 88 25 29 23 87 31 85 92 89 93 3 14 9 12 16 6 7 55 54 62 67 37 43 40 47 39 44 38 52 51 64 82 74 80 69 58 57 53 36 34 42 26 10 98 90 94 50 96 17 5 13 21 22 28 45 48 49 30 27 24 33 41 32 78 68 79
geracao 174: 71 75 76 66 60 81 63 77 83 84 70 65 59 46 18 11 1 91 72 15 4 56 86 95 97 25 88 100 20 8 2 99 3 93 89 92 85 31 87 23 29 35 73 61 19 14 9 12 16 6 7 55 54 62 67 37 43 40 47 39 44 38 52 51 64 82 74 80 69 58 57 53 36 34 42 26 10 98 90 94 50 96 17 5 13 21 22 28 45 48 49 30 27 24 33 41 32 78 68 79
geracao 175: 71 75 76 66 60 81 63 77 83 84 70 65 59 46 18 11 1 91 72 15 4 56 86 95 97 25 88 100 20 8 2 99 9 14 19 61 73 35 29 23 87 31 85 92 89 93 3 12 16 6 7 55 54 62 67 37 43 40 47 39 44 38 52 51 64 82 74 80 69 58 57 53 36 34 42 26 10 98 90 94 50 96 17 5 13 21 22 28 45 48 49 30 27 24 33 41 32 78 68 79
geracao 181: 60 81 63 77 83 84 70 55 54 62 67 65 59 46 18 11 1 91 72 15 4 56 86 95 97 100 20 8 2 99 19 61 73 35 88 25 29 23 87 31 85 92 89 93 3 14 9 12 16 6 7 37 43 40 47 39 44 38 52 51 64 82 74 80 69 58 57 53 36 34 42 26 10 98 90 94 50 96 17 5 13 21 22 28 45 48 49 30 27 24 33 41 32 78 68 79 71 75 76 66
geracao 186: 60 81 63 77 83 84 70 55 54 62 67 65 59 46 18 11 1 91 72 15 4 61 19 14 9 99 2 8 20 100 88 25 97 95 86 56 73 35 29 23 87 31 85 92 89 93 3 12 16 6 7 37 43 40 47 39 58 57 53 36 34 42 69 80 74 82 64 51 52 38 44 26 10 98 90 94 50 96 17 5 13 21 22 28 45 48 49 30 27 24 33 41 32 78 68 79 71 75 76 66
geracao 188: 60 81 63 77 83 84 70 55 54 62 67 65 59 46 18 11 1 91 72 15 4 61 19 99 2 8 20 9 14 100 88 25 97 95 86 56 73 35 29 23 87 31 85 92 89 93 3 12 16 6 7 37 43 40 47 39 44 38 52 51 64 82 74 80 69 58 57 53 36 34 42 26 10 98 90 94 50 96 17 5 13 21 22 28 45 48 49 30 27 24 33 41 32 78 68 79 71 75 76 66
geracao 189: 60 81 63 77 83 84 70 55 54 62 67 65 59 46 18 11 1 91 72 15 4 61 19 99 2 8 20 9 14 92 85 31 87 23 29 35 73 56 86 95 97 25 88 100 89 93 3 12 16 6 7 37 43 40 47 39 44 38 52 51 64 82 74 80 69 58 57 53 36 34 42 26 10 98 90 94 50 96 17 5 13 21 22 28 45 48 49 30 27 24 33 41 32 78 68 79 71 75 76 66
geracao 194: 60 81 63 77 83 84 70 55 54 62 67 65 59 46 18 11 1 91 72 15 4 61 19 99 2 8 9 14 20 100 88 25 97 95 86 56 73 35 29 23 87 31 85 92 89 93 3 12 16 6 7 37 43 40 47 39 44 38 52 51 64 82 74 80 69 58 57 53 36 34 42 26 10 98 90 94 50 96 17 5 13 21 22 28 45 48 49 30 27 24 33 41 32 78 68 79 71 75 76 66
geracao 199: 60 81 63 77 83 84 70 55 54 62 67 65 59 46 18 11 1 91 72 15 4 61 19 99 2 8 9 14 20 100 88 25 97 95 86 56 73 35 29 23 87 31 85 92 89 93 3 12 16 6 7 37 43 40 47 39 57 58 69 80 74 82 64 51 52 53 36 42 34 38 44 26 10 98 90 94 50 96 17 5 13 21 22 28 45 48 49 30 27 24 33 41 32 78 68 79 71 75 76 66
geracao 201: 60 81 63 77 83 84 70 55 54 62 67 65 59 46 18 11 1 91 72 15 4 61 19 99 2 8 9 14 20 100 88 25 97 95 86 56 73 35 29 23 87 31 85 92 89 93 3 12 16 6 7 37 43 40 47 39 57 58 69 80 74 82 64 51 52 53 36 42 34 38 44 26 10 98 90 94 50 96 17 5 13 21 22 28 45 48 49 30 27 24 33 41 32 68 78 79 71 75 76 66
geracao 213: 60 81 63 77 83 84 70 67 62 54 55 65 59 46 18 11 1 91 72 15 4 61 19 99 2 8 9 14 20 100 88 25 97 95 86 56 73 35 29 23 87 31 85 92 89 93 3 12 16 6 7 37 43 40 47 39 57 58 69 80 74 82 64 51 52 53 36 42 34 38 44 26 10 98 90 94 50 96 17 5 13 21 22 28 45 48 49 30 27 24 33 41 32 68 78 79 71 75 76 66
geracao 215: 60 81 63 77 83 84 70 67 62 54 55 65 59 46 18 11 1 91 72 15 4 61 19 100 88 25 97 95 86 56 73 35 29 23 87 31 85 92 89 93 3 12 16 6 7 37 43 40 47 39 57 58 69 80 74 82 64 51 52 53 36 42 34 38 44 26 20 14 9 8 2 99 10 98 90 94 50 96 17 5 13 21 22 28 45 48 49 30 27 24 33 41 32 68 78 79 71 75 76 66
geracao 216: 60 81 63 77 83 84 70 67 62 54 55 65 59 46 18 11 1 91 72 15 4 61 19 85 31 87 23 29 35 73 56 86 95 97 25 88 100 92 89 93 3 12 16 6 7 37 43 40 47 39 57 58 69 80 74 82 64 51 52 53 36 42 34 38 44 26 20 14 9 8 2 99 10 98 90 94 50 96 17 5 13 21 22 28 45 48 49 30 27 24 33 41 32 68 78 79 71 75 76 66
geracao 222: 60 81 63 77 83 84 70 67 62 54 55 65 59 46 18 11 1 91 72 15 4 61 19 85 31 87 23 29 35 73 56 86 95 97 25 88 100 92 89 93 3 12 16 6 7 37 43 40 47 39 57 58 69 80 74 82 64 51 52 53 36 42 34 38 44 26 20 21 13 5 17 96 50 94 90 98 10 99 2 8 9 14 22 28 45 48 49 30 27 24 33 41 32 68 78 79 71 75 76 66
geracao 224: 60 81 63 77 83 84 70 67 62 54 55 65 59 46 18 11 1 91 72 15 4 61 19 85 31 87 23 29 35 73 56 86 95 97 25 88 100 92 89 93 3 12 16 6 7 37 43 40 47 57 58 69 80 74 82 64 51 52 53 36 42 34 38 39 44 26 20 14 9 8 2 99 10 98 90 94 50 96 17 5 13 21 22 28 45 48 49 30 27 24 33 41 32 68 78 79 71 75 76 66
geracao 231: 60 81 63 77 83 84 70 67 62 54 55 65 59 46 18 11 1 91 72 31 85 19 61 4 15 87 23 29 35 73 56 86 95 97 25 88 100 92 89 93 3 12 16 6 7 37 43 40 47 57 58 69 80 74 82 64 51 52 53 36 42 34 38 39 44 26 20 14 9 8 2 99 10 98 90 94 50 96 17 5 13 21 22 28 45 48 49 30 27 24 33 41 32 68 78 79 71 75 76 66
geracao 233: 60 81 63 77 83 84 70 67 62 54 55 65 59 46 18 11 1 91 72 31 85 19 61 4 15 87 23 29 35 73 56 86 95 97 25 88 100 92 89 93 3 12 16 6 7 37 43 40 47 57 58 69 80 74 82 64 51 52 53 36 42 34 38 39 44 26 13 5 17 96 50 94 90 98 10 99 2 8 9 14 20 21 22 28 45 48 49 30 27 24 33 41 32 68 78 79 71 75 76 66
geracao 254: 60 81 63 77 83 84 70 67 62 54 55 65 59 46 18 11 1 91 72 31 85 19 61 4 15 87 23 29 35 73 56 86 95 97 25 88 100 92 89 93 3 12 16 6 7 37 43 40 47 57 58 69 80 74 82 64 51 52 53 36 42 34 38 39 44 14 9 8 2 99 10 98 90 94 50 96 17 5 13 26 20 21 24 27 30 49 48 45 28 22 33 41 32 68 78 79 71 75 76 66
geracao 256: 60 81 63 77 83 84 70 67 62 54 55 65 59 46 18 11 1 91 72 31 85 19 61 4 15 87 23 29 35 73 56 86 95 97 25 88 100 92 89 93 3 12 16 6 7 37 43 40 47 57 52 51 64 82 74 80 69 58 53 36 42 34 38 39 44 26 13 5 17 96 50 94 90 98 10 99 2 8 9 14 20 21 22 28 45 48 49 30 27 24 33 41 32 68 78 79 71 75 76 66
geracao 257: 60 81 63 77 83 84 70 67 62 54 55 65 59 46 18 11 1 91 72 31 85 19 61 4 15 87 23 29 35 73 56 86 95 97 25 88 100 92 89 93 3 12 16 6 7 37 43 40 47 57 52 51 64 82 74 80 69 58 53 36 42 34 38 39 44 26 13 5 17 96 50 94 90 98 10 99 2 8 9 14 20 21 24 27 30 49 48 45 28 22 33 41 32 68 78 79 71 75 76 66
geracao 258: 60 81 63 77 83 84 70 67 62 54 55 65 59 46 18 11 1 91 72 31 85 19 61 4 15 87 23 29 35 73 56 86 95 97 25 88 100 92 89 93 3 12 16 6 7 37 43 40 47 39 38 34 42 36 53 52 51 64 82 74 80 69 58 57 44 26 17 13 5 96 50 94 90 98 10 99 2 8 9 14 20 21 22 28 45 48 49 30 27 24 33 41 32 68 78 79 71 75 76 66
geracao 262: 60 81 63 77 83 84 70 67 62 54 55 65 59 46 18 11 1 91 72 31 85 19 61 4 15 87 23 29 35 73 56 86 95 97 25 88 100 92 89 93 3 12 16 6 7 37 43 40 47 39 44 57 58 69 80 74 82 64 51 52 53 36 42 34 38 26 17 13 5 96 50 94 90 98 10 99 2 8 9 14 20 21 22 28 45 48 49 30 27 24 33 41 32 68 78 79 71 75 76 66
geracao 264: 60 81 63 77 83 84 70 67 62 54 55 65 59 46 18 11 1 91 72 31 85 19 61 15 4 87 23 29 35 73 56 86 95 97 25 88 100 92 89 93 3 12 16 6 7 37 43 40 47 39 44 57 58 69 80 74 82 64 51 52 53 36 42 34 38 26 17 13 5 96 50 94 90 98 10 99 2 8 9 14 20 21 22 28 45 48 49 30 27 24 33 41 32 68 78 79 71 75 76 66
geracao 269: 60 81 63 77 83 84 70 67 62 54 55 65 59 46 18 11 1 91 72 31 85 19 61 15 4 87 23 29 35 73 56 86 95 97 25 88 100 92 89 93 3 12 16 6 7 37 43 40 47 39 44 57 58 69 80 74 82 64 51 52 53 36 42 34 38 26 98 90 94 50 96 5 13 17 30 27 49 48 45 28 22 21 20 14 9 8 2 99 10 24 33 41 32 68 78 79 71 75 76 66
geracao 270: 60 81 63 77 83 84 70 67 62 54 55 65 59 46 18 11 1 91 72 31 85 19 61 15 4 87 23 29 35 73 56 86 95 97 25 88 100 92 89 93 3 12 16 6 7 37 43 40 47 39 44 57 58 69 80 74 82 64 51 52 53 36 42 34 38 26 22 28 45 48 49 27 30 17 13 5 96 50 94 90 98 21 20 14 9 8 2 99 10 24 33 41 32 68 78 79 71 75 76 66
geracao 273: 60 81 63 77 83 84 70 67 62 54 55 65 59 46 18 11 1 91 72 31 85 19 61 92 100 88 25 97 95 86 56 73 35 29 23 87 4 15 89 93 3 12 16 6 7 37 43 40 47 39 44 57 58 69 80 74 82 64 51 52 53 36 42 34 38 26 22 28 45 48 49 27 30 17 13 5 96 50 94 90 98 21 20 14 9 8 2 99 10 24 33 41 32 68 78 79 71 75 76 66
geracao 274: 60 81 63 77 83 84 70 67 62 54 55 65 59 46 18 11 1 91 72 31 85 19 61 15 4 87 23 29 35 73 56 86 95 97 25 88 100 92 89 93 3 12 16 6 7 37 43 40 47 39 44 57 58 69 80 74 82 64 51 53 52 36 42 34 38 26 22 28 45 48 49 27 30 17 13 5 96 50 94 90 98 21 20 14 9 8 2 99 10 24 33 41 32 68 78 79 71 75 76 66
geracao 277: 60 81 63 77 83 84 70 67 62 54 55 65 59 46 18 11 1 91 72 31 85 19 61 92 89 15 4 87 23 29 35 73 56 86 95 97 25 88 100 93 3 12 16 6 7 37 43 40 47 39 44 57 58 69 80 74 82 64 51 52 53 36 42 34 38 26 22 28 45 48 49 27 30 17 13 5 96 50 94 90 98 21 20 14 9 8 2 99 10 24 33 41 32 68 78 79 71 75 76 66
geracao 278: 60 81 63 77 83 84 70 67 62 54 55 65 59 46 18 11 1 91 72 31 85 19 61 15 4 87 23 29 35 73 56 86 25 97 95 88 100 92 89 93 3 12 16 6 7 37 43 40 47 39 44 57 58 69 80 74 82 64 51 53 52 36 42 34 38 26 22 28 45 48 49 27 30 17 13 5 96 50 94 90 98 21 20 14 9 8 2 99 10 24 33 41 32 68 78 79 71 75 76 66
geracao 279: 60 81 63 77 83 84 70 67 62 54 55 65 59 46 18 11 1 91 72 31 85 19 61 23 87 4 15 29 35 73 56 86 25 97 95 88 100 92 89 93 3 12 16 6 7 37 43 40 47 39 44 57 58 69 80 74 82 64 51 53 52 36 42 34 38 26 22 28 45 48 49 27 30 17 13 5 96 50 94 90 98 21 20 14 9 8 2 99 10 24 33 41 32 68 78 79 71 75 76 66
geracao 280: 67 62 54 55 65 59 46 18 22 28 45 48 49 27 30 11 1 91 72 31 85 19 61 23 87 4 15 29 35 73 56 86 25 97 95 88 100 92 89 93 3 12 16 6 7 37 43 40 47 39 44 57 58 69 80 74 82 64 51 53 52 36 42 34 38 26 17 13 5 96 50 94 90 98 21 20 14 9 8 2 99 10 24 33 41 32 68 78 79 71 75 76 66 60 81 63 77 83 84 70
geracao 285: 67 62 54 55 65 59 46 22 28 45 48 49 27 30 18 11 1 91 72 31 85 19 61 23 87 4 15 29 35 73 56 86 25 97 95 88 100 92 89 93 3 12 16 6 7 37 43 40 47 39 44 57 58 69 80 74 82 64 51 53 52 36 42 34 38 26 17 13 5 96 50 94 90 98 21 20 14 9 8 2 99 10 24 33 41 32 68 78 79 71 75 76 66 60 81 63 77 83 84 70
geracao 319: 67 62 54 55 65 59 46 22 28 45 48 49 27 30 18 11 1 91 72 31 85 19 61 23 87 4 15 29 35 73 56 86 25 97 95 88 100 92 89 93 3 12 16 6 7 37 43 40 47 39 38 34 42 36 52 53 51 64 82 74 80 69 58 57 44 26 17 13 5 96 50 94 90 98 21 20 9 14 8 2 99 10 24 33 41 32 68 78 79 71 75 76 66 60 81 63 77 83 84 70
geracao 322: 22 28 45 48 49 27 30 18 11 1 91 72 31 85 19 61 23 87 4 15 29 35 73 56 86 25 97 95 88 100 92 89 93 3 12 16 6 7 37 43 40 47 39 38 34 42 36 52 53 51 64 82 74 80 69 58 57 44 26 17 13 5 96 50 94 90 98 21 20 9 14 8 2 99 10 24 33 41 32 68 78 79 71 75 76 66 60 81 84 70 67 62 54 55 63 77 83 65 59 46
geracao 323: 22 28 45 48 49 27 30 18 11 1 91 72 31 85 19 61 23 87 4 15 29 35 73 56 86 25 97 95 88 100 92 89 93 3 12 16 6 7 37 43 40 47 39 38 34 42 36 52 53 51 64 82 74 80 69 58 57 44 26 17 13 5 96 50 94 90 98 21 20 9 14 8 2 99 10 24 33 41 32 55 54 62 67 70 84 81 60 66 76 75 71 79 78 68 63 77 83 65 59 46
geracao 325: 22 28 45 48 49 27 30 18 11 1 91 72 31 85 19 61 23 87 4 15 29 35 73 56 86 25 97 95 88 100 92 89 93 3 12 16 6 7 37 43 40 47 39 44 57 58 69 80 74 82 64 51 53 52 36 42 34 38 26 17 13 5 96 50 94 90 98 21 20 9 14 8 2 99 10 24 33 41 32 55 54 62 67 70 84 81 60 66 76 75 71 79 78 68 63 77 83 65 59 46
geracao 332: 22 28 45 48 49 27 30 18 11 1 91 72 31 85 19 61 23 87 4 15 29 35 73 56 86 25 97 95 88 100 92 89 93 3 12 16 6 7 37 43 40 47 39 44 57 58 69 80 74 82 64 51 53 52 36 42 34 38 26 17 13 5 96 50 94 90 98 21 20 9 14 8 2 99 10 24 33 41 32 55 54 62 67 70 84 81 60 66 78 79 71 75 76 68 63 77 83 65 59 46
geracao 351: 22 28 45 48 49 27 30 18 11 1 91 72 85 31 19 61 23 87 4 15 29 35 73 56 86 25 97 95 88 100 92 89 93 3 12 16 6 7 37 43 40 47 39 44 57 58 69 80 74 82 64 51 53 52 36 42 34 38 26 17 13 5 96 50 94 90 98 21 20 9 14 8 2 99 10 24 33 41 32 55 54 62 67 70 84 81 60 66 78 79 71 75 76 68 63 77 83 65 59 46
geracao 352: 22 28 45 48 49 27 30 18 11 1 91 72 31 85 19 61 23 87 4 15 29 35 73 56 86 25 97 95 88 100 92 89 93 3 12 16 6 7 37 43 40 47 39 44 57 58 69 80 74 82 64 51 53 52 36 42 34 38 26 17 13 5 96 50 94 90 98 21 20 9 14 8 2 99 10 24 33 41 32 55 54 62 60 66 78 79 71 75 76 68 63 77 83 81 84 70 67 65 59 46
geracao 377: 22 28 45 48 49 27 30 18 11 1 91 72 31 85 19 61 23 87 4 15 29 35 73 56 86 25 95 97 88 100 92 89 93 3 12 16 6 7 37 43 40 47 39 44 57 58 69 80 74 82 64 51 53 52 36 42 34 38 26 17 13 5 96 50 94 90 98 21 20 9 14 8 2 99 10 24 33 41 32 55 54 62 60 66 78 79 71 75 76 68 63 77 83 81 84 70 67 65 59 46
geracao 382: 22 28 45 48 49 27 30 18 11 1 91 72 31 85 19 61 23 87 4 15 29 35 73 56 86 25 95 97 88 100 92 89 93 3 12 16 6 7 37 43 40 47 39 44 57 58 69 80 74 82 64 51 53 52 36 42 34 38 26 17 13 5 96 94 50 90 98 21 20 9 14 8 2 99 10 24 33 41 32 55 54 62 60 66 78 79 71 75 76 68 63 77 83 81 84 70 67 65 59 46
geracao 392: 22 28 45 48 49 27 30 18 11 1 91 72 31 85 19 61 23 87 4 15 29 35 73 56 86 25 95 97 88 100 92 89 93 3 12 16 6 7 37 43 40 47 39 44 57 58 69 80 74 82 64 51 53 52 36 34 42 38 26 17 13 5 96 94 50 90 98 21 20 9 14 8 2 99 10 24 33 41 32 55 54 62 60 66 78 79 71 75 76 68 63 77 83 81 84 70 67 65 59 46
geracao 406: 28 45 48 49 27 30 18 11 1 91 72 31 85 19 61 23 87 4 15 29 35 73 56 86 25 95 97 88 100 92 89 93 3 12 16 6 7 37 43 40 47 39 44 57 60 58 69 80 74 82 64 51 53 52 36 34 42 38 26 17 13 5 96 94 50 90 98 21 20 9 14 8 2 99 10 24 33 41 32 55 54 62 66 78 79 71 75 76 68 63 77 83 81 84 70 67 65 59 46 22
geracao 418: 28 45 48 49 27 30 18 11 1 91 72 31 85 19 61 23 87 4 15 29 35 73 56 86 25 95 97 88 100 92 89 93 3 12 16 6 7 37 43 40 47 39 44 57 60 58 69 80 74 82 64 51 53 52 36 34 42 38 26 17 13 5 96 94 50 90 98 21 20 9 14 8 2 99 10 24 33 41 32 55 54 62 65 67 70 84 81 83 77 63 68 76 75 71 79 78 66 59 46 22
geracao 446: 28 45 48 49 27 30 18 11 1 91 72 31 85 19 61 23 87 4 15 29 35 73 56 86 25 95 97 88 100 92 89 93 3 12 16 6 7 37 43 40 47 39 44 57 60 58 82 74 80 69 64 51 53 52 36 34 42 38 26 17 13 5 96 94 50 90 98 21 20 9 14 8 2 99 10 24 33 41 32 55 54 62 65 67 70 84 81 83 77 63 68 76 75 71 79 78 66 59 46 22
geracao 452: 28 45 48 49 27 30 18 11 1 91 72 31 85 19 61 23 87 4 15 29 35 73 56 86 25 95 97 88 100 92 89 93 3 12 16 6 7 37 43 40 47 39 44 57 60 58 74 82 80 69 64 51 53 52 36 34 42 38 26 17 13 5 96 94 50 90 98 21 20 9 14 8 2 99 10 24 33 41 32 55 54 62 65 67 70 84 81 83 77 63 68 76 75 71 79 78 66 59 46 22
geracao 471: 28 45 48 49 27 30 18 11 1 91 72 31 85 19 61 23 87 4 15 29 35 73 56 86 25 95 97 88 100 92 89 93 3 12 16 6 7 37 43 40 47 39 44 57 60 58 74 82 80 69 64 51 53 52 36 34 42 38 26 17 13 5 96 94 50 90 98 21 20 9 14 8 2 99 10 24 33 41 32 54 55 62 65 67 70 84 81 83 77 63 68 76 75 71 79 78 66 59 46 22
geracao 486: 28 45 48 49 27 30 18 11 1 91 72 31 85 19 61 23 87 4 15 29 35 73 56 86 25 95 97 88 100 92 89 93 3 12 16 6 7 37 43 40 47 39 44 57 60 58 74 82 80 69 64 51 53 52 36 34 42 38 26 17 13 5 96 94 50 90 98 21 20 9 14 8 2 99 10 24 33 41 32 54 55 62 63 68 76 75 71 79 78 66 77 83 81 84 70 67 65 59 46 22
geracao 488: 28 45 48 49 27 30 18 11 1 91 72 31 85 19 61 23 87 4 15 29 35 73 56 86 25 95 97 88 100 92 89 93 3 12 16 6 7 37 43 40 47 39 44 57 60 58 74 82 80 69 64 51 53 52 36 34 42 38 26 17 13 5 96 94 50 90 98 21 20 9 14 8 2 99 10 24 33 41 32 54 55 62 65 67 70 84 81 83 77 66 78 79 71 75 76 68 63 59 46 22
geracao 538: 28 45 48 49 27 30 18 11 1 91 72 31 85 19 61 23 87 4 15 29 35 73 56 86 25 95 97 88 100 92 89 93 3 12 16 6 7 37 43 40 47 39 44 57 60 58 74 82 80 69 64 51 53 52 36 34 42 38 26 17 13 5 96 94 50 90 98 21 20 9 14 8 2 99 10 24 33 32 41 54 55 62 65 67 70 84 81 83 77 66 78 79 71 75 76 68 63 59 46 22
geracao 550: 28 45 48 49 27 30 18 11 1 91 72 31 85 19 61 23 87 4 15 29 35 73 56 86 25 95 97 88 100 92 89 93 3 12 16 6 7 37 43 40 47 39 44 57 60 58 74 82 80 69 64 51 53 52 36 34 42 38 26 17 13 5 96 94 50 90 98 21 20 9 99 2 8 14 10 24 33 32 41 54 55 62 65 67 70 84 81 83 77 66 78 79 71 75 76 68 63 59 46 22
geracao 730: 28 45 48 49 27 30 18 11 1 91 72 31 85 19 61 23 87 4 15 29 35 73 56 86 25 95 97 88 100 92 89 93 3 12 16 6 7 37 43 40 47 39 44 57 60 58 74 82 80 69 64 51 53 52 36 34 42 38 26 17 13 5 96 94 50 90 98 21 20 9 99 2 8 14 10 24 33 32 41 54 55 62 65 67 70 84 81 83 77 76 75 71 79 78 66 68 63 59 46 22
geracao 758: 28 45 48 49 27 30 18 11 1 91 72 31 85 19 61 23 87 4 15 29 73 35 56 86 25 95 97 88 100 92 89 93 3 12 16 6 7 37 43 40 47 39 44 57 60 58 74 82 80 69 64 51 53 52 36 34 42 38 26 17 13 5 96 94 50 90 98 21 20 9 99 2 8 14 10 24 33 32 41 54 55 62 65 67 70 84 81 83 77 76 75 71 79 78 66 68 63 59 46 22
geracao 785: 17 13 5 96 94 50 90 98 1 91 72 31 85 19 61 23 87 4 15 29 73 35 56 86 25 95 97 88 100 92 89 93 3 12 16 6 7 37 43 40 47 39 44 57 60 58 74 82 80 69 64 51 53 52 36 34 42 38 26 24 10 14 8 2 99 9 20 21 33 32 41 54 55 62 65 67 70 84 81 83 77 76 75 71 79 78 66 68 63 59 46 22 28 45 48 49 27 30 18 11
geracao 786: 17 13 5 96 94 50 90 98 1 91 72 31 85 19 61 23 87 4 15 29 73 35 56 86 25 95 97 88 100 92 89 93 3 12 16 6 7 37 43 40 47 39 44 57 60 58 74 82 80 69 64 51 53 52 36 34 42 38 26 21 20 9 99 2 8 14 10 24 33 32 41 54 55 62 65 67 70 84 81 83 77 76 75 71 79 78 66 68 63 59 46 22 28 45 48 49 27 30 18 11
geracao 789: 1 91 72 31 85 19 61 23 87 4 15 29 73 35 56 86 25 95 97 17 16 12 3 93 89 92 100 88 98 90 50 94 96 5 13 6 7 37 43 40 47 39 44 57 60 58 74 82 80 69 64 51 53 52 36 34 42 38 26 24 10 14 8 2 99 9 20 21 33 32 41 54 55 62 65 67 70 84 81 83 77 76 75 71 79 78 66 68 63 59 46 22 28 45 48 49 27 30 18 11
geracao 792: 1 91 72 31 85 19 61 23 87 4 15 29 73 35 56 86 25 95 97 12 3 93 89 92 100 88 98 90 50 94 96 5 13 17 16 6 7 37 43 40 47 39 44 57 60 58 74 82 80 69 64 51 53 52 36 34 42 38 26 24 10 14 8 2 99 9 20 21 33 32 41 54 55 62 65 67 70 84 81 83 77 76 75 71 79 78 66 68 63 59 46 22 28 45 48 49 27 30 18 11
geracao 793: 1 91 72 31 85 19 61 23 87 4 15 29 73 35 56 86 25 95 97 12 3 93 89 92 100 88 98 90 50 94 96 5 13 17 16 6 7 37 43 40 47 39 44 57 60 58 74 82 80 69 64 51 53 52 36 34 42 38 26 21 20 9 99 2 8 14 10 24 33 32 41 54 55 62 65 67 70 84 81 83 77 76 75 71 79 78 66 68 63 59 46 22 28 45 48 49 27 30 18 11
geracao 794: 1 91 72 31 85 19 61 23 87 4 15 29 73 90 98 88 100 92 89 93 3 12 97 95 25 86 56 35 50 94 96 5 13 17 16 6 7 37 43 40 47 39 44 57 60 58 74 82 80 69 64 51 53 52 36 34 42 38 26 21 20 9 99 2 8 14 10 24 33 32 41 54 55 62 65 67 70 84 81 83 77 76 75 71 79 78 66 68 63 59 46 22 28 45 48 49 27 30 18 11
geracao 797: 1 91 100 88 98 90 73 29 15 4 87 23 61 19 85 31 72 92 89 93 3 12 97 95 25 86 56 35 50 94 96 5 13 17 16 6 7 37 43 40 47 39 44 57 60 58 74 82 80 69 64 51 53 52 36 34 42 38 26 21 20 9 99 2 8 14 10 24 33 32 41 54 55 62 65 67 70 84 81 83 77 76 75 71 79 78 66 68 63 59 46 22 28 45 48 49 27 30 18 11
geracao 818: 90 73 29 15 4 87 23 61 19 85 31 72 92 89 93 3 12 97 95 25 86 56 35 50 94 96 5 13 17 16 6 7 37 43 40 49 48 45 28 22 47 39 44 57 60 58 74 82 80 69 64 51 53 52 36 34 42 38 26 21 20 9 99 2 8 14 10 24 33 32 41 54 55 62 65 67 70 84 81 83 77 76 75 71 79 78 66 68 63 59 46 27 30 18 11 1 91 100 88 98
geracao 830: 90 73 29 15 4 87 23 61 19 85 31 72 92 89 93 3 12 94 50 35 56 86 25 95 97 96 5 13 17 16 6 7 37 43 40 49 48 45 28 22 47 39 44 57 60 58 74 82 80 69 64 51 53 52 36 34 42 38 26 21 20 9 99 2 8 14 10 24 33 32 41 54 55 62 65 67 70 84 81 83 77 76 75 71 79 78 66 68 63 59 46 27 30 18 11 1 91 100 88 98
geracao 843: 90 73 29 15 4 87 23 61 19 85 31 72 92 89 93 3 12 94 50 35 56 86 25 95 97 96 5 13 17 16 6 7 37 43 40 49 48 45 28 22 47 39 44 57 60 58 74 82 80 69 64 51 53 52 36 34 42 38 26 21 20 9 99 2 8 14 10 24 33 32 41 54 55 62 65 67 70 84 81 83 77 76 75 71 79 78 66 68 63 59 46 27 30 18 11 1 91 88 100 98
geracao 859: 29 15 4 87 23 61 19 85 31 72 92 89 100 98 93 3 12 94 50 35 56 86 25 95 97 96 5 13 17 16 6 7 37 43 40 49 48 45 28 22 47 39 44 57 60 58 74 82 80 69 64 51 53 52 36 34 42 38 26 21 20 9 99 2 8 14 10 24 33 32 41 54 55 62 65 67 70 84 81 83 77 76 75 71 79 78 66 68 63 59 46 27 30 18 11 1 91 88 90 73
geracao 897: 19 61 23 87 4 15 29 73 90 88 91 89 100 98 93 3 12 7 6 16 17 13 5 96 97 95 25 86 56 35 50 94 22 28 45 48 49 40 43 37 47 39 44 57 60 58 74 82 80 69 64 51 53 52 36 34 42 38 26 21 20 9 99 2 8 14 10 24 33 32 41 54 55 62 63 68 66 78 79 71 75 76 77 83 81 84 70 67 65 59 46 27 30 18 11 1 92 72 31 85
geracao 898: 31 85 19 61 23 87 4 15 29 73 90 88 100 98 93 3 12 7 6 16 17 13 5 96 97 95 25 86 56 35 50 94 22 28 45 48 49 40 43 37 47 39 44 57 60 58 74 82 80 69 64 51 53 52 36 34 42 38 26 21 20 9 99 2 8 14 10 24 33 32 41 54 55 62 65 67 70 84 81 83 77 76 75 71 79 78 66 68 63 59 46 27 30 18 11 1 91 89 92 72
geracao 902: 29 15 4 87 23 61 19 85 31 72 92 89 100 98 93 3 12 7 6 16 17 13 5 96 97 95 25 86 56 35 50 94 22 28 45 48 49 40 43 37 47 39 44 57 60 58 74 82 80 69 64 51 53 52 36 34 42 38 26 21 20 9 99 2 8 14 10 24 33 32 41 54 55 62 65 67 70 84 81 83 77 76 75 71 79 78 66 68 63 59 46 27 30 18 11 1 91 88 90 73
geracao 905: 29 15 4 87 23 61 19 85 31 72 92 89 100 98 93 3 12 7 6 16 17 13 5 96 97 95 25 86 56 35 50 94 22 28 45 48 49 40 43 37 47 39 44 57 60 58 74 82 80 69 64 51 53 52 36 34 42 38 26 21 20 9 99 2 8 14 10 24 33 32 41 54 55 62 65 67 70 84 81 83 77 76 75 71 79 78 66 68 63 59 46 27 30 18 11 1 91 90 88 73
geracao 906: 29 15 4 87 23 61 19 85 31 72 92 89 100 98 93 3 12 94 50 35 56 86 25 95 97 96 5 13 17 16 6 7 22 28 45 48 49 40 43 37 47 39 44 57 60 58 74 82 80 69 64 51 53 52 36 34 42 38 26 21 20 9 99 2 8 14 10 24 33 32 41 54 55 62 65 67 70 84 81 83 77 76 75 71 79 78 66 68 63 59 46 27 30 18 11 1 91 88 90 73
geracao 909: 29 15 4 87 23 61 19 85 31 72 92 89 100 98 93 3 12 94 50 35 56 86 25 95 97 96 5 13 17 16 6 7 22 28 45 48 49 40 43 37 47 39 44 57 60 58 74 82 80 69 64 51 53 52 36 34 42 38 26 21 20 9 99 2 8 14 10 24 33 32 41 54 55 62 65 67 70 84 81 83 77 76 75 71 79 78 66 68 63 59 46 27 30 18 11 1 91 90 88 73
geracao 925: 29 15 4 87 23 61 19 85 31 92 89 72 100 98 93 3 12 94 50 35 56 86 25 95 97 96 5 13 17 16 6 7 22 28 45 48 49 40 43 37 47 39 44 57 60 58 74 82 80 69 64 51 53 52 36 34 42 38 26 21 20 9 99 2 8 14 10 24 33 32 41 54 55 62 65 67 70 84 81 83 77 76 75 71 79 78 66 68 63 59 46 27 30 18 11 1 91 90 88 73
geracao 929: 29 15 4 87 23 61 19 85 31 92 89 72 100 98 93 3 12 94 35 50 56 86 25 95 97 96 5 13 17 16 6 7 22 28 45 48 49 40 43 37 47 39 44 57 60 58 74 82 80 69 64 51 53 52 36 34 42 38 26 21 20 9 99 2 8 14 10 24 33 32 41 54 55 65 62 67 70 84 81 83 77 76 75 71 79 78 66 68 63 59 46 27 30 18 11 1 91 90 88 73
geracao 930: 29 15 4 87 23 61 19 85 31 92 89 72 100 98 93 3 12 94 35 50 56 86 25 95 97 96 5 13 17 16 6 7 22 28 45 48 49 40 43 37 47 39 44 57 60 58 74 82 80 69 64 51 53 52 36 34 42 38 26 21 20 9 99 2 8 14 10 24 33 32 41 54 55 62 65 67 70 84 81 83 77 76 75 71 79 78 66 68 63 59 46 27 30 18 11 1 91 90 88 73
geracao 932: 31 85 19 61 23 87 4 15 29 73 88 90 100 98 93 3 12 94 35 50 56 86 25 95 97 96 5 13 17 16 6 7 22 28 45 48 49 40 43 37 47 39 44 57 60 58 74 82 80 69 64 51 53 52 36 34 42 38 26 21 20 9 99 2 8 14 10 24 33 32 41 54 55 62 65 67 70 84 81 83 77 76 75 71 79 78 66 68 63 59 46 27 30 18 11 1 91 72 89 92
geracao 940: 100 90 88 73 29 15 4 87 23 61 19 85 31 92 93 3 12 94 35 50 56 86 25 95 97 96 5 13 17 16 6 7 22 28 45 48 49 40 43 37 47 39 44 57 60 58 74 82 80 69 64 51 53 52 36 34 42 38 26 21 20 9 99 2 8 14 10 24 33 32 41 54 55 62 65 67 70 84 81 83 77 76 75 71 79 78 66 68 63 59 46 27 30 18 11 1 91 72 89 98
geracao 941: 100 90 88 94 12 3 93 92 31 85 19 61 23 87 4 15 29 73 35 50 56 86 25 95 97 96 5 13 17 16 6 7 22 28 45 48 49 40 43 37 47 39 44 57 60 58 74 82 80 69 64 51 53 52 36 34 42 38 26 21 20 9 99 2 8 14 10 24 33 32 41 54 55 62 65 67 70 84 81 83 77 76 75 71 79 78 66 68 63 59 46 27 30 18 11 1 91 72 89 98
geracao 967: 91 90 88 94 12 3 93 92 31 85 19 61 23 87 4 15 29 73 35 50 56 86 25 95 97 96 5 13 17 16 6 7 22 28 45 48 49 40 43 37 47 39 44 57 60 58 74 82 80 69 64 51 53 52 36 34 42 38 26 21 20 9 99 2 8 14 10 24 33 32 41 54 55 62 65 67 70 84 81 83 77 76 75 71 79 78 66 68 63 59 46 27 30 18 11 1 100 98 89 72
geracao 993: 91 90 88 94 12 3 93 92 31 85 61 19 23 87 4 15 29 73 35 50 56 86 25 95 97 96 5 13 17 16 6 7 22 28 45 48 49 40 43 37 47 39 44 57 60 58 74 82 80 69 64 51 53 52 36 34 42 38 26 21 20 9 99 2 8 14 10 24 33 32 41 54 55 62 65 67 70 84 81 83 77 76 75 71 79 78 66 68 63 59 46 27 30 18 11 1 100 98 89 72
geracao 1035: 94 88 90 91 72 89 93 92 31 85 61 19 23 87 4 15 29 73 35 50 56 86 25 95 97 96 5 13 17 16 6 7 22 28 45 48 49 40 43 37 47 39 44 57 60 58 74 82 80 69 64 51 53 52 36 34 42 38 26 21 20 9 99 2 8 14 10 24 33 32 41 54 55 62 65 67 70 84 81 83 77 76 75 71 79 78 66 68 63 59 46 27 30 18 11 1 100 98 3 12
geracao 1062: 94 88 90 91 72 89 93 92 31 85 61 19 23 87 4 15 29 73 35 50 56 86 25 95 97 96 16 17 13 5 6 7 22 28 45 48 49 40 43 37 47 39 44 57 60 58 74 82 80 69 64 51 53 52 36 34 42 38 26 21 20 9 99 2 8 14 10 24 33 32 41 54 55 62 65 67 70 84 81 83 77 76 75 71 79 78 66 68 63 59 46 27 30 18 11 1 100 98 3 12
geracao 1070: 94 88 90 91 72 89 93 92 31 85 61 19 23 87 4 15 29 73 35 50 56 86 25 95 97 96 16 17 13 6 5 7 22 28 45 48 49 40 43 37 47 39 44 57 60 58 74 82 80 69 64 51 53 52 36 34 42 38 26 21 20 9 99 2 8 14 10 24 33 32 41 54 55 62 65 67 70 84 81 83 77 76 75 71 79 78 66 68 63 59 46 27 30 18 11 1 100 98 3 12
geracao 1176: 94 88 90 91 72 89 93 92 61 85 31 19 23 87 4 15 29 73 35 50 56 86 25 95 97 96 16 17 13 6 5 7 22 28 45 48 49 40 43 37 47 39 44 57 60 58 74 82 80 69 64 51 53 52 36 34 42 38 26 21 20 9 99 2 8 14 10 24 33 32 41 54 55 62 65 67 70 84 81 83 77 76 75 71 79 78 66 68 63 59 46 27 30 18 11 1 100 98 3 12
geracao 1179: 94 88 90 91 72 89 93 92 85 61 31 19 23 87 4 15 29 73 35 50 56 86 25 95 97 96 16 17 13 6 5 7 22 28 45 48 49 40 43 37 47 39 44 57 60 58 74 82 80 69 64 51 53 52 36 34 42 38 26 21 20 9 99 2 8 14 10 24 33 32 41 54 55 62 65 67 70 84 81 83 77 76 75 71 79 78 66 68 63 59 46 27 30 18 11 1 100 98 3 12
geracao 1298: 93 10 14 8 2 99 9 92 85 61 31 19 23 87 4 15 29 73 35 50 56 86 25 95 97 96 16 17 13 6 5 7 22 28 45 48 49 40 43 37 47 39 44 57 60 58 74 82 80 69 64 51 53 52 36 34 42 38 26 21 20 24 33 32 41 54 55 62 65 67 70 84 81 83 77 76 75 71 79 78 66 68 63 59 46 27 30 18 11 1 100 98 3 12 94 88 90 91 72 89
geracao 1395: 93 10 14 8 2 99 9 92 85 61 31 19 23 87 4 15 29 73 35 50 56 86 25 95 97 96 16 17 13 6 5 7 22 28 45 48 49 40 43 37 47 39 44 57 60 58 74 82 80 69 64 51 53 52 36 34 42 38 26 21 20 24 33 32 41 54 55 62 65 67 70 84 81 83 77 76 75 71 79 78 66 68 63 59 46 27 30 18 12 3 98 100 1 11 94 88 90 91 72 89
geracao 1419: 93 10 14 8 2 99 9 92 85 61 31 19 23 87 4 15 29 73 35 50 56 86 25 95 97 96 13 17 16 6 5 7 22 28 45 48 49 40 43 37 47 39 44 57 60 58 74 82 80 69 64 51 53 52 36 34 42 38 26 21 20 24 33 32 41 54 55 62 65 67 70 84 81 83 77 76 75 71 79 78 66 68 63 59 46 27 30 18 12 3 98 100 1 11 94 88 90 91 72 89
geracao 1420: 93 10 14 8 2 99 9 92 85 61 31 19 23 87 4 15 29 73 35 50 56 86 25 95 97 96 13 17 16 6 5 7 22 28 45 47 39 44 57 60 58 74 82 80 69 64 51 53 52 36 34 42 38 26 21 20 24 33 32 41 54 55 62 65 67 70 84 81 83 77 76 75 71 79 78 66 68 63 59 37 43 40 49 48 46 27 30 18 12 3 98 100 1 11 94 88 90 91 72 89
geracao 1526: 93 99 2 8 14 10 9 92 85 61 31 19 23 87 4 15 29 73 35 50 56 86 25 95 97 96 13 17 16 6 5 7 22 28 45 47 39 44 57 60 58 74 82 80 69 64 51 53 52 36 34 42 38 26 21 20 24 33 32 41 54 55 68 66 78 79 71 75 76 77 83 81 84 70 67 65 62 63 59 37 43 40 49 48 46 27 30 18 12 3 98 100 1 11 94 88 90 91 72 89
geracao 1527: 93 99 2 8 14 10 9 92 85 61 31 19 23 87 4 15 29 73 35 50 56 86 25 95 97 96 13 17 16 6 5 7 22 28 45 47 39 44 57 60 58 74 82 80 69 64 51 53 52 36 34 42 38 26 21 20 24 33 32 41 54 55 62 65 67 70 84 81 83 77 76 75 71 79 78 66 68 63 59 37 43 40 49 48 46 27 30 18 12 3 98 100 1 11 94 88 90 91 72 89
geracao 1539: 93 99 2 8 14 10 9 92 85 61 31 19 23 87 4 15 29 73 35 50 56 86 25 95 97 96 13 17 16 6 5 7 22 28 45 47 39 44 57 60 58 74 82 80 69 64 51 53 52 36 34 42 38 26 21 20 24 33 32 41 54 55 62 65 67 70 84 81 83 77 76 75 71 79 78 66 68 63 59 37 43 40 49 48 46 27 30 18 12 11 1 100 98 3 94 88 90 91 72 89
geracao 1564: 93 9 10 14 8 2 99 92 85 61 31 19 23 87 4 15 29 73 35 50 56 86 25 95 97 96 13 17 16 6 5 7 22 28 45 47 39 44 57 60 58 74 82 80 69 64 51 53 52 36 34 42 38 26 21 20 24 33 32 41 54 55 62 63 68 66 78 79 71 75 76 77 83 81 84 70 67 65 59 37 43 40 49 48 46 27 30 18 12 11 1 100 98 3 94 88 90 91 72 89
geracao 1565: 93 9 10 14 8 2 99 92 85 61 31 19 23 87 4 15 29 73 35 50 56 86 25 95 97 96 13 17 16 6 5 7 22 28 45 47 39 44 57 60 58 74 82 80 69 64 51 53 52 36 34 42 38 26 21 20 24 33 32 41 54 55 62 65 67 70 84 81 83 77 76 75 71 79 78 66 68 63 59 37 43 40 49 48 46 27 30 18 12 11 1 100 98 3 94 88 90 91 72 89
geracao 1599: 10 14 8 2 99 92 85 61 31 19 23 87 4 15 29 73 35 50 56 86 25 95 97 96 13 17 16 6 5 7 22 28 45 47 39 44 57 60 58 74 82 80 69 64 51 53 52 36 34 42 38 26 21 20 24 33 32 41 54 55 62 65 67 70 84 81 83 77 76 75 71 79 78 66 68 63 59 37 43 40 49 48 46 27 30 18 12 11 1 100 98 3 94 88 90 91 72 89 93 9
geracao 1630: 10 14 8 2 99 92 85 61 31 19 23 87 4 15 29 73 35 50 56 86 25 95 97 96 13 17 16 6 5 7 22 28 45 47 39 44 57 60 58 74 82 80 69 64 51 53 52 36 34 42 38 26 21 20 24 33 32 41 54 55 62 65 67 70 84 81 83 77 76 75 71 79 78 66 68 63 59 37 43 46 48 49 40 27 30 18 12 11 1 100 98 3 94 88 90 91 72 89 93 9
geracao 1675: 10 14 8 2 99 92 85 61 31 19 23 87 4 15 29 73 35 50 56 86 25 95 97 96 13 17 16 6 5 7 22 28 45 47 39 44 57 60 58 74 82 80 69 64 51 53 52 36 34 42 38 26 21 20 24 33 32 41 54 55 62 65 67 70 84 81 83 77 76 75 71 79 78 66 68 63 59 48 46 43 37 49 40 27 30 18 12 11 1 100 98 3 94 88 90 91 72 89 93 9
geracao 1705: 10 14 8 2 99 92 85 61 31 19 23 87 4 15 29 73 35 50 56 86 25 95 97 96 13 7 5 6 16 17 22 28 45 47 39 44 57 60 58 74 82 80 69 64 51 53 52 36 34 42 38 26 21 20 24 33 32 41 54 55 62 65 67 70 84 81 83 77 76 75 71 79 78 66 68 63 59 48 46 43 37 49 40 27 30 18 12 11 1 100 98 3 94 88 90 91 72 89 93 9
geracao 1753: 10 14 8 2 99 92 85 61 31 19 23 87 4 15 29 73 35 50 56 86 25 95 97 96 13 7 5 6 16 17 22 28 45 47 39 44 57 60 58 74 82 80 69 64 51 53 52 36 34 42 38 26 21 20 24 33 32 41 54 55 62 65 67 70 84 81 83 77 76 75 71 79 78 66 68 63 59 48 46 43 37 49 40 27 30 18 12 11 1 3 98 100 94 88 90 91 72 89 93 9
geracao 1761: 10 14 8 2 99 92 85 61 31 19 23 87 4 15 29 73 35 50 56 86 25 95 97 96 13 7 5 6 16 17 22 28 45 47 39 44 57 60 58 74 82 80 69 64 51 53 52 42 34 36 38 26 21 20 24 33 32 41 54 55 62 65 67 70 84 81 83 77 76 75 71 79 78 66 68 63 59 48 46 43 37 49 40 27 30 18 12 11 1 3 98 100 94 88 90 91 72 89 93 9
geracao 1885: 10 14 8 2 99 92 85 61 31 19 23 87 4 15 29 73 35 50 56 86 25 95 97 96 13 7 5 6 16 17 22 28 45 47 39 44 57 60 58 74 82 80 69 64 51 53 52 42 34 36 38 26 21 20 24 33 32 41 54 55 62 65 67 70 84 81 83 77 76 75 71 79 78 66 68 63 59 48 46 43 37 49 40 27 30 18 12 11 1 3 100 98 94 88 90 91 72 89 93 9
geracao 1903: 10 14 8 2 99 92 85 61 31 19 23 87 4 15 29 73 35 50 56 25 86 95 97 96 13 7 5 6 16 17 22 28 45 47 39 44 57 60 58 74 82 80 69 64 51 53 52 42 34 36 38 26 21 20 24 33 32 41 54 55 62 65 67 70 84 81 83 77 76 75 71 79 78 66 68 63 59 48 46 43 37 49 40 27 30 18 12 11 1 3 100 98 94 88 90 91 72 89 93 9
geracao 1907: 10 14 8 2 99 92 85 61 31 19 23 87 4 15 29 73 35 50 56 25 86 95 97 96 13 7 5 6 16 17 22 28 45 47 39 44 57 60 58 74 82 80 69 64 51 53 52 42 34 36 38 26 21 20 24 33 32 41 54 55 62 65 67 70 84 81 83 77 76 75 71 79 78 66 68 63 59 48 37 43 46 49 40 27 30 18 12 11 1 3 100 98 94 88 90 91 72 89 93 9
geracao 1922: 10 14 8 2 99 92 85 61 31 19 23 87 4 15 29 73 35 50 56 25 86 95 97 96 13 7 5 6 16 17 22 28 45 47 39 44 57 60 58 74 82 80 69 64 51 53 52 42 34 36 38 26 21 20 24 33 32 41 54 55 62 65 67 70 84 81 83 77 76 75 71 79 78 66 68 63 59 48 37 43 46 49 40 27 30 18 12 1 11 3 100 98 94 88 90 91 72 89 93 9
geracao 1955: 10 14 8 2 99 92 85 61 31 19 23 87 4 15 29 73 35 50 56 25 86 95 97 96 13 7 5 6 16 17 22 28 45 47 39 44 57 60 58 74 82 80 69 64 51 53 52 42 34 36 38 26 21 20 24 33 32 41 54 55 62 65 67 70 84 81 83 77 76 75 71 79 78 66 68 63 59 48 40 49 46 43 37 27 30 18 12 1 11 3 100 98 94 88 90 91 72 89 93 9
geracao 2135: 10 14 8 2 99 92 85 61 31 19 23 87 4 15 29 73 35 50 56 25 86 95 97 96 6 5 7 13 16 17 22 28 45 47 39 44 57 60 58 74 82 80 69 64 51 53 52 42 34 36 38 26 21 20 24 33 32 41 54 55 62 65 67 70 84 81 83 77 76 75 71 79 78 66 68 63 59 48 40 49 46 43 37 27 30 18 12 1 11 3 100 98 94 88 90 91 72 89 93 9
geracao 2166: 10 14 8 2 99 92 85 61 19 31 23 87 4 15 29 73 35 50 56 25 86 95 97 96 6 5 7 13 16 17 22 28 45 47 39 44 57 60 58 74 82 80 69 64 51 53 52 42 34 36 38 26 21 20 24 33 32 41 54 55 62 65 67 70 84 81 83 77 76 75 71 79 78 66 68 63 59 48 40 49 46 43 37 27 30 18 12 1 11 3 100 98 94 88 90 91 72 89 93 9
geracao 2187: 10 14 8 2 99 92 85 61 19 31 23 87 4 15 29 73 35 50 56 25 86 95 97 96 6 5 7 13 16 17 22 28 45 47 39 44 57 60 58 74 82 80 69 64 51 53 52 42 34 36 38 26 21 20 24 33 32 41 54 55 62 63 68 66 78 79 71 75 76 77 83 81 84 70 67 65 59 48 40 49 46 43 37 30 27 18 12 1 11 3 100 98 94 88 90 91 72 89 93 9
geracao 2190: 10 14 8 2 99 92 85 61 19 31 23 87 4 15 29 73 35 50 56 25 86 95 97 96 6 5 7 13 16 17 22 28 45 47 39 44 57 60 58 74 82 80 69 64 51 53 52 42 34 36 38 26 21 20 24 33 32 41 54 55 62 65 67 70 84 81 83 77 76 75 71 79 78 66 68 63 59 48 40 49 46 43 37 30 27 18 12 1 11 3 100 98 94 88 90 91 72 89 93 9
geracao 2449: 19 31 23 87 4 15 29 73 35 50 56 25 86 95 97 96 6 5 7 13 16 17 22 28 45 47 39 44 57 60 58 74 82 80 69 64 51 53 52 42 34 36 38 26 21 20 24 33 32 41 54 55 62 65 67 70 84 81 83 77 76 75 71 79 78 66 68 63 59 48 40 49 46 43 37 30 27 18 12 1 11 3 100 98 94 88 90 91 72 89 93 9 10 14 8 2 99 92 85 61
geracao 2489: 19 31 23 87 4 15 29 73 35 50 56 25 86 95 97 96 5 6 7 13 16 17 22 28 45 47 39 44 57 60 58 74 82 80 69 64 51 53 52 42 34 36 38 26 21 20 24 33 32 41 54 55 62 65 67 70 84 81 83 77 76 75 71 79 78 66 68 63 59 48 40 49 46 43 37 30 27 18 12 1 11 3 100 98 94 88 90 91 72 89 93 9 10 14 8 2 99 92 85 61
geracao 2551: 19 31 23 87 4 15 29 73 35 50 56 25 86 95 97 96 5 6 7 13 16 17 22 28 45 47 39 44 57 60 58 74 82 80 69 64 51 53 52 42 34 36 38 24 20 21 26 33 32 41 54 55 62 65 67 70 84 81 83 77 76 75 71 79 78 66 68 63 59 48 40 49 46 43 37 30 27 18 12 1 11 3 100 98 94 88 90 91 72 89 93 9 10 14 8 2 99 92 85 61
geracao 2907: 19 31 23 87 4 15 29 73 35 50 56 25 86 95 97 96 5 6 7 13 16 17 22 28 45 47 39 44 57 60 58 74 82 80 69 64 51 53 52 42 34 36 38 24 20 21 26 33 32 41 54 55 62 65 67 70 81 84 83 77 76 75 71 79 78 66 68 63 59 48 40 49 46 43 37 30 27 18 12 1 11 3 100 98 94 88 90 91 72 89 93 9 10 14 8 2 99 92 85 61
geracao 2966: 19 31 23 29 87 4 15 73 35 50 56 25 86 95 97 96 5 6 7 13 16 17 22 28 45 47 39 44 57 60 58 74 82 80 69 64 51 53 52 42 34 36 38 24 20 21 26 33 32 41 54 55 62 65 67 70 81 84 83 77 76 75 71 79 78 66 68 63 59 48 40 49 46 43 37 30 27 18 12 1 11 3 100 98 94 88 90 91 72 89 93 9 10 14 8 2 99 92 85 61
geracao 3050: 31 23 29 87 4 15 73 35 50 56 25 86 95 97 96 5 6 7 13 16 17 22 28 45 47 39 44 57 60 58 74 82 80 69 64 51 53 52 42 34 36 38 24 20 21 26 33 32 41 54 55 62 65 67 70 81 84 83 77 76 75 71 79 78 66 68 63 59 48 40 49 46 43 37 30 27 18 12 1 11 3 100 98 94 88 90 91 72 89 93 9 10 14 8 2 99 92 85 61 19
geracao 4697: 31 23 87 29 4 15 73 35 50 56 25 86 95 97 96 5 6 7 13 16 17 22 28 45 47 39 44 57 60 58 74 82 80 69 64 51 53 52 42 34 36 38 24 20 21 26 33 32 41 54 55 62 65 67 70 81 84 83 77 76 75 71 79 78 66 68 63 59 48 40 49 46 43 37 30 27 18 12 1 11 3 100 98 94 88 90 91 72 89 93 9 10 14 8 2 99 92 85 61 19
geracao 4777: 31 23 87 29 4 15 73 35 50 56 25 86 95 97 96 5 6 7 13 16 17 22 28 45 47 39 44 57 60 58 74 82 80 69 64 51 53 52 42 34 36 38 24 21 20 26 33 32 41 54 55 62 65 67 70 81 84 83 77 76 75 71 79 78 66 68 63 59 48 40 49 46 43 37 30 27 18 12 1 11 3 100 98 94 88 90 91 72 89 93 9 10 14 8 2 99 92 85 61 19
geracao 5008: 31 23 87 29 4 15 73 35 50 56 25 86 95 97 96 5 6 7 13 16 17 22 28 45 47 39 44 57 60 58 74 82 80 69 64 51 53 52 42 34 36 38 24 21 20 26 33 32 41 54 55 62 65 67 70 81 84 83 77 76 75 71 79 78 66 68 63 59 48 40 49 46 43 37 30 27 18 12 1 11 94 88 90 91 72 89 93 98 100 3 9 10 14 8 2 99 92 85 61 19
geracao 5081: 4 15 73 35 50 56 25 86 95 97 96 5 6 7 13 16 17 22 28 45 47 39 44 57 60 58 74 82 80 69 64 51 53 52 42 34 36 38 24 21 20 26 33 32 41 54 55 62 65 67 70 81 84 83 77 76 75 71 79 78 66 68 63 59 48 40 49 46 43 37 30 27 18 12 1 11 94 88 90 91 72 89 93 98 100 3 9 10 14 8 2 99 92 85 61 19 31 23 87 29
geracao 5082: 31 23 87 29 4 15 73 35 50 56 25 86 95 97 96 5 6 7 13 16 17 22 28 45 47 39 44 57 60 58 74 82 80 69 64 51 53 52 42 34 36 38 24 21 20 26 33 32 41 54 55 62 65 67 70 81 84 83 77 76 75 71 79 78 66 68 63 59 48 40 49 46 43 37 30 27 18 12 1 11 94 88 90 91 72 89 93 98 100 3 9 10 14 8 2 99 92 85 61 19
geracao 5083: 4 15 73 35 50 56 25 86 95 97 96 5 6 7 13 16 17 22 28 45 47 39 44 57 60 58 74 82 80 69 64 51 53 52 42 34 36 38 24 21 20 26 33 32 41 54 55 62 65 67 70 81 84 83 77 76 75 71 79 78 66 68 63 59 48 40 49 46 43 37 30 27 18 12 1 11 94 88 90 91 72 89 93 98 100 3 9 10 14 8 2 99 92 85 61 19 31 23 87 29
geracao 5181: 4 15 73 35 50 56 25 86 95 97 96 5 6 7 13 16 17 22 28 45 47 39 44 57 60 58 74 82 80 69 64 51 53 52 42 34 36 38 24 21 20 26 33 32 41 54 55 62 65 67 70 81 84 83 77 76 75 71 79 78 66 68 63 59 48 40 49 46 43 37 30 27 18 12 1 100 98 93 89 72 91 90 88 94 11 3 9 10 14 8 2 99 92 85 61 19 31 23 87 29
geracao 5287: 73 35 50 56 25 86 95 97 96 5 6 7 13 16 17 22 28 45 47 39 44 57 60 58 74 82 80 69 64 51 53 52 42 34 36 38 24 21 20 26 33 32 41 54 55 62 65 67 70 81 84 83 77 76 75 71 79 78 66 68 63 59 48 40 49 46 43 37 30 27 18 12 1 100 98 93 89 72 91 90 88 94 11 3 9 10 14 8 2 99 92 85 61 19 31 23 87 29 4 15
geracao 5356: 73 35 50 56 25 86 95 97 96 5 6 7 13 16 17 22 28 45 47 39 44 57 60 58 74 82 80 69 64 51 53 52 42 34 36 38 24 21 20 26 33 32 41 54 55 62 65 67 70 81 84 83 77 76 75 71 79 78 66 68 63 59 48 40 49 46 43 37 30 27 18 12 11 3 9 10 14 8 2 99 92 89 93 98 100 1 94 88 90 91 72 85 61 19 31 23 87 29 4 15
geracao 5731: 73 35 50 56 25 86 95 97 96 5 6 7 13 16 17 22 28 45 47 39 44 57 60 58 74 82 80 69 64 51 53 52 42 34 36 38 24 21 20 26 33 32 41 54 55 62 65 67 70 81 84 83 77 76 75 71 79 78 66 68 63 59 48 40 49 46 43 37 30 27 18 12 11 3 9 10 14 8 2 99 92 93 89 98 100 1 94 88 90 91 72 85 61 19 31 23 87 29 4 15
geracao 5983: 6 7 13 16 17 22 28 45 47 39 44 57 60 58 74 82 80 69 64 51 53 52 42 34 36 38 24 21 20 26 33 32 41 54 55 62 65 67 70 81 84 83 77 76 75 71 79 78 66 68 63 59 48 40 49 46 43 37 30 27 18 12 11 3 9 10 14 8 2 99 92 93 98 100 1 94 88 90 91 89 72 85 61 19 31 23 87 29 4 15 73 35 50 56 25 86 95 97 96 5
geracao 6198: 6 7 13 16 17 22 28 45 47 39 44 57 60 58 74 82 80 69 64 51 53 52 42 34 36 38 24 21 20 26 33 32 41 54 55 62 65 67 70 81 84 83 77 76 75 71 79 78 66 68 63 59 48 40 49 46 43 37 30 27 18 12 11 3 9 10 14 8 2 99 92 93 98 100 1 94 88 90 91 72 89 85 61 19 31 23 87 29 4 15 73 35 50 56 25 86 95 97 96 5
geracao 6262: 6 7 13 16 17 22 28 45 47 39 44 57 60 52 58 74 82 80 69 64 51 53 42 34 36 38 24 21 20 26 33 32 41 54 55 62 65 67 70 81 84 83 77 76 75 71 79 78 66 68 63 59 48 40 49 46 43 37 30 27 18 12 11 3 9 10 14 8 2 99 92 93 98 100 1 94 88 90 91 72 89 85 61 19 31 23 87 29 4 15 73 35 50 56 25 86 95 97 96 5
geracao 6428: 22 28 45 47 39 44 57 60 52 58 74 82 80 69 64 51 53 42 34 36 38 24 21 20 26 33 32 41 54 55 62 65 67 70 81 84 83 77 76 75 71 79 78 66 68 63 59 48 40 49 46 43 37 30 27 18 12 11 3 9 10 14 8 2 99 92 93 98 100 1 94 88 90 91 72 89 85 61 19 31 23 87 29 4 15 73 35 50 56 25 86 95 97 96 5 6 7 13 16 17
geracao 6512: 22 28 45 47 39 44 60 57 52 58 74 82 80 69 64 51 53 42 34 36 38 24 21 20 26 33 32 41 54 55 62 65 67 70 81 84 83 77 76 75 71 79 78 66 68 63 59 48 40 49 46 43 37 30 27 18 12 11 3 9 10 14 8 2 99 92 93 98 100 1 94 88 90 91 72 89 85 61 19 31 23 87 29 4 15 73 35 50 56 25 86 95 97 96 5 6 7 13 16 17
geracao 6560: 22 28 45 47 39 44 60 57 52 58 74 82 80 69 64 51 53 42 34 36 38 24 21 20 26 33 32 41 54 55 62 65 67 70 81 84 83 77 76 75 71 79 78 66 68 63 59 48 40 49 46 43 37 30 27 18 12 11 3 9 10 14 8 2 99 92 93 98 100 1 94 88 90 91 72 89 85 61 19 31 23 87 29 4 15 73 35 50 56 25 86 96 97 95 5 6 7 13 16 17
geracao 6666: 47 39 44 60 57 52 58 74 82 80 69 64 51 53 42 34 36 38 24 21 20 26 33 32 41 54 55 62 65 67 70 81 84 83 77 76 75 71 79 78 66 68 63 59 48 40 49 46 43 37 30 27 18 12 11 3 9 10 14 8 2 99 92 93 98 100 1 94 88 90 91 72 89 85 61 19 31 23 87 29 4 15 73 35 50 56 25 86 96 97 95 5 6 7 13 16 17 22 28 45
geracao 7349: 52 58 74 82 80 69 64 51 53 42 34 36 38 24 21 20 26 33 32 41 54 55 62 65 67 70 81 84 83 77 76 75 71 79 78 66 68 63 59 48 40 49 46 43 37 30 27 18 12 11 3 9 10 14 8 2 99 92 93 98 100 1 94 88 90 91 72 89 85 61 19 31 23 87 29 4 15 73 35 50 56 25 86 96 97 95 5 6 7 13 16 17 22 28 45 47 39 44 60 57
geracao 7350: 47 39 44 60 57 52 58 74 82 80 69 64 51 53 42 34 36 38 24 21 20 26 33 32 41 54 55 62 65 67 70 81 84 83 77 76 75 71 79 78 66 68 63 59 48 40 49 46 43 37 30 27 18 12 11 3 9 10 14 8 2 99 92 93 98 100 1 94 88 90 91 72 89 85 61 19 31 23 87 29 4 15 73 35 50 56 25 86 96 97 95 5 6 7 13 16 17 22 28 45
geracao 7765: 47 39 44 60 57 52 58 74 82 80 69 64 51 53 42 34 36 38 24 21 20 26 33 32 41 54 55 59 63 62 65 67 70 81 84 83 77 76 75 71 79 78 66 68 48 40 49 46 43 37 30 27 18 12 11 3 9 10 14 8 2 99 92 93 98 100 1 94 88 90 91 72 89 85 61 19 31 23 87 29 4 15 73 35 50 56 25 86 96 97 95 5 6 7 13 16 17 22 28 45
geracao 7997: 39 44 60 57 52 58 74 82 80 69 64 51 53 42 34 36 38 24 21 20 26 33 32 41 54 55 59 63 62 65 67 70 81 84 83 77 76 75 71 79 78 66 68 48 40 49 46 43 37 30 27 18 12 11 3 9 10 14 8 2 99 92 93 98 100 1 94 88 90 91 72 89 85 61 19 31 23 87 29 4 15 73 35 50 56 25 86 96 97 95 5 6 7 13 16 17 22 28 45 47
geracao 8051: 39 44 60 57 52 58 74 82 80 69 64 53 51 42 34 36 38 24 21 20 26 33 32 41 54 55 59 63 62 65 67 70 81 84 83 77 76 75 71 79 78 66 68 48 40 49 46 43 37 30 27 18 12 11 3 9 10 14 8 2 99 92 93 98 100 1 94 88 90 91 72 89 85 61 19 31 23 87 29 4 15 73 35 50 56 25 86 96 97 95 5 6 7 13 16 17 22 28 45 47
geracao 8175: 60 57 52 58 74 82 80 69 64 53 51 42 34 36 38 24 21 20 26 33 32 41 54 55 59 63 68 66 78 79 71 75 76 77 83 84 81 70 67 65 62 48 47 45 40 49 46 43 37 30 27 18 12 11 3 9 10 14 8 2 99 92 93 98 100 1 94 88 90 91 72 89 85 61 19 31 23 87 29 4 15 73 35 50 56 25 86 96 97 95 5 6 7 13 16 17 22 28 39 44
geracao 8180: 60 57 52 58 74 82 80 69 64 53 51 42 34 36 38 24 21 20 26 33 32 41 54 55 59 63 62 65 67 70 81 84 83 77 76 75 71 79 78 66 68 48 47 45 40 49 46 43 37 30 27 18 12 11 3 9 10 14 8 2 99 92 93 98 100 1 94 88 90 91 72 89 85 61 19 31 23 87 29 4 15 73 35 50 56 25 86 96 97 95 5 6 7 13 16 17 22 28 39 44
geracao 8371: 82 80 69 64 53 51 42 34 36 38 24 21 20 26 33 32 41 54 55 59 63 62 65 67 70 81 84 83 77 76 75 71 79 78 66 68 48 47 45 40 49 46 43 37 30 27 18 12 11 3 9 10 14 8 2 99 92 93 98 100 1 94 88 90 91 72 89 85 61 19 31 23 87 29 4 15 73 35 50 56 25 86 96 97 95 5 6 7 13 16 17 22 28 39 44 60 57 52 58 74
geracao 8372: 60 57 52 58 74 82 80 69 64 53 51 42 34 36 38 24 21 20 26 33 32 41 54 55 59 63 62 65 67 70 81 84 83 77 76 75 71 79 78 66 68 48 47 45 40 49 46 43 37 30 27 18 12 11 3 9 10 14 8 2 99 92 93 98 100 1 94 88 90 91 72 89 85 61 19 31 23 87 29 4 15 73 35 50 56 25 86 96 97 95 5 6 7 13 16 17 22 28 39 44
geracao 8373: 82 80 69 64 53 51 42 34 36 38 24 21 20 26 33 32 41 54 55 59 63 62 65 67 70 81 84 83 77 76 75 71 79 78 66 68 48 47 45 40 49 46 43 37 30 27 18 12 11 3 9 10 14 8 2 99 92 93 98 100 1 94 88 90 91 72 89 85 61 19 31 23 87 29 4 15 73 35 50 56 25 86 96 97 95 5 6 7 13 16 17 22 28 39 44 60 57 52 58 74
geracao 8398: 34 36 38 24 21 20 26 33 32 41 54 55 59 63 62 65 67 70 81 84 83 77 76 75 71 79 78 66 68 48 47 45 40 49 46 43 37 30 27 18 12 11 3 9 10 14 8 2 99 92 93 98 100 1 94 88 90 91 72 89 85 61 19 31 23 87 29 4 15 73 35 50 56 25 86 96 97 95 5 6 7 13 16 17 22 28 39 44 60 57 52 58 74 82 80 69 64 53 51 42
geracao 8399: 82 80 69 64 53 51 42 34 36 38 24 21 20 26 33 32 41 54 55 59 63 62 65 67 70 81 84 83 77 76 75 71 79 78 66 68 48 47 45 40 49 46 43 37 30 27 18 12 11 3 9 10 14 8 2 99 92 93 98 100 1 94 88 90 91 72 89 85 61 19 31 23 87 29 4 15 73 35 50 56 25 86 96 97 95 5 6 7 13 16 17 22 28 39 44 60 57 52 58 74
geracao 8400: 34 36 38 24 21 20 26 33 32 41 54 55 59 63 62 65 67 70 81 84 83 77 76 75 71 79 78 66 68 48 47 45 40 49 46 43 37 30 27 18 12 11 3 9 10 14 8 2 99 92 93 98 100 1 94 88 90 91 72 89 85 61 19 31 23 87 29 4 15 73 35 50 56 25 86 96 97 95 5 6 7 13 16 17 22 28 39 44 60 57 52 58 74 82 80 69 64 53 51 42
geracao 8401: 82 80 69 64 53 51 42 34 36 38 24 21 20 26 33 32 41 54 55 59 63 62 65 67 70 81 84 83 77 76 75 71 79 78 66 68 48 47 45 40 49 46 43 37 30 27 18 12 11 3 9 10 14 8 2 99 92 93 98 100 1 94 88 90 91 72 89 85 61 19 31 23 87 29 4 15 73 35 50 56 25 86 96 97 95 5 6 7 13 16 17 22 28 39 44 60 57 52 58 74
geracao 8402: 34 36 38 24 21 20 26 33 32 41 54 55 59 63 62 65 67 70 81 84 83 77 76 75 71 79 78 66 68 48 47 45 40 49 46 43 37 30 27 18 12 11 3 9 10 14 8 2 99 92 93 98 100 1 94 88 90 91 72 89 85 61 19 31 23 87 29 4 15 73 35 50 56 25 86 96 97 95 5 6 7 13 16 17 22 28 39 44 60 57 52 58 74 82 80 69 64 53 51 42
geracao 9210: 34 36 38 24 21 20 26 32 33 41 54 55 59 63 62 65 67 70 81 84 83 77 76 75 71 79 78 66 68 48 47 45 40 49 46 43 37 30 27 18 12 11 3 9 10 14 8 2 99 92 93 98 100 1 94 88 90 91 72 89 85 61 19 31 23 87 29 4 15 73 35 50 56 25 86 96 97 95 5 6 7 13 16 17 22 28 39 44 60 57 52 58 74 82 80 69 64 53 51 42
geracao 9685: 38 24 21 20 26 32 33 41 54 55 59 63 62 65 67 70 81 84 83 77 76 75 71 79 78 66 68 60 57 48 47 45 40 49 46 43 37 30 27 18 12 11 3 9 10 14 8 2 99 92 93 98 100 1 94 88 90 91 72 89 85 61 19 31 23 87 29 4 15 73 35 50 56 25 86 96 97 95 5 6 7 13 16 17 22 28 39 44 52 58 74 82 80 69 64 53 51 42 34 36
geracao 9820: 38 24 21 20 26 32 33 41 54 55 59 63 62 65 67 70 81 84 83 77 76 75 71 79 78 66 68 60 57 48 47 45 40 49 46 43 37 30 27 18 12 11 3 9 10 14 8 2 99 92 93 98 100 1 94 88 90 91 72 89 85 61 19 31 23 87 29 4 15 73 35 50 56 25 86 96 97 95 5 6 7 13 16 17 22 28 39 44 52 58 74 82 80 69 64 53 51 34 42 36