Parametros iniciais:
	Taxa de crossover=0.5
	Taxa de mutacao=0.25
	Tamanho da Populacao inicial=100
	Tamanho da Subpopulacao (nao sofrem selecao)=25
	Operador de selecao=Roleta
	Candidatos a crossover=100
	Operador de crossover=OX
	Quantidade de cromossomos nao mutantes (segunda subpopulacao)=25
	Operador de mutacao=Alternativa
	Tamanho populacao corrente=250
	Diversidade minima=0.0
	Numero maximo de geracoes=10000
	Numero de threads=3
	Duracao=182s=3min=0h
Melhor Caminho:
 79 76 75 71 68 77 83 84 81 70 67 65 62 63 59 55 54 48 47 45 40 49 46 43 37 30 27 28 22 18 17 16 6 5 7 13 12 94 96 97 95 86 25 56 50 88 90 91 98 100 1 93 89 72 15 73 35 29 4 87 23 31 19 61 85 92 99 2 8 14 10 9 3 11 20 21 24 26 32 33 41 39 44 38 42 36 34 51 53 58 52 57 60 66 64 69 74 80 82 78
	Fitness=4.517385113298654E-5

Melhores caminhos adquiridos (ordem crescente de fitness):

geracao 0: 74 13 96 8 50 7 32 48 88 15 79 97 57 14 18 25 98 10 29 4 69 82 81 62 11 51 58 70 75 61 12 3 19 1 95 49 92 26 52 73 27 17 9 99 20 21 56 28 59 22 39 24 53 40 45 46 60 16 54 86 35 38 42 89 100 23 87 30 31 71 47 43 90 91 2 33 34 55 63 93 72 5 6 64 76 36 77 44 65 66 37 41 67 68 78 80 83 84 94 85
geracao 1: 74 13 96 8 50 7 32 3 12 61 75 70 58 51 52 26 92 49 95 1 19 48 88 15 79 97 57 14 18 25 98 10 29 4 69 82 81 62 11 73 27 17 9 99 20 21 56 28 59 22 39 24 53 40 45 46 60 16 54 86 35 38 42 89 100 23 87 30 31 71 47 43 90 91 2 33 34 55 63 93 72 5 6 64 76 36 77 44 65 66 37 41 67 68 78 80 83 84 94 85
geracao 2: 74 13 96 8 50 7 32 48 88 15 79 97 57 14 18 25 98 10 29 4 69 82 81 62 11 51 58 70 75 61 12 3 19 1 95 49 92 26 52 73 27 17 9 99 20 21 56 28 59 22 39 24 53 40 45 46 60 16 54 86 35 38 42 89 100 23 87 30 31 71 47 43 90 91 2 85 94 84 83 80 78 68 67 41 37 66 65 44 77 36 76 64 6 5 72 93 63 55 34 33
geracao 3: 29 97 74 73 85 50 25 1 27 12 4 98 32 49 62 58 21 20 75 3 92 61 10 15 99 81 17 69 19 9 14 26 13 18 7 94 82 51 52 79 57 70 84 88 95 48 56 28 59 22 39 24 53 40 45 46 60 16 54 86 35 38 42 89 100 23 87 30 31 71 47 43 90 91 2 33 34 55 63 93 72 5 6 64 76 36 77 44 65 66 37 41 67 68 78 80 83 96 11 8
geracao 4: 29 4 69 82 81 62 11 20 21 56 28 59 22 33 34 55 63 93 72 5 6 64 76 36 39 51 58 70 75 61 12 3 19 1 95 49 53 40 45 46 60 16 54 86 35 38 42 89 100 23 87 30 31 99 9 17 27 73 52 26 92 24 71 47 43 90 91 2 85 94 84 83 80 78 68 67 77 44 65 66 37 41 74 13 96 8 50 7 32 48 88 15 79 97 57 14 18 25 98 10
geracao 5: 30 97 74 73 85 50 25 1 27 18 13 26 14 9 19 69 17 81 84 70 57 79 52 51 82 94 7 12 4 98 32 49 62 58 21 20 75 3 92 61 10 15 99 88 95 48 56 28 59 22 39 24 31 71 47 43 90 91 2 33 34 55 63 93 100 89 42 38 72 5 6 64 76 36 77 44 65 66 37 41 67 68 78 80 83 29 8 96 11 53 40 45 46 60 16 54 86 35 23 87
geracao 6: 29 97 74 69 17 81 99 15 10 61 92 3 75 20 21 58 62 49 32 98 4 12 27 1 25 50 85 73 19 9 14 26 13 18 7 94 82 51 52 79 57 70 84 88 95 48 56 28 59 22 39 24 53 40 45 46 60 16 54 86 35 38 42 89 100 23 87 72 93 63 55 34 33 2 91 90 43 47 71 31 30 5 6 64 76 36 77 44 65 66 37 41 67 68 78 80 83 96 11 8
geracao 7: 32 7 50 8 96 13 74 70 75 61 12 3 19 1 95 49 73 99 20 21 56 28 59 22 39 24 53 40 45 46 60 16 54 86 35 23 87 30 31 71 47 43 33 34 55 63 93 27 17 9 100 89 42 38 58 51 72 5 6 64 76 36 52 26 92 90 91 2 85 94 84 83 80 78 68 67 77 44 65 66 37 41 79 69 82 81 62 97 57 14 18 25 98 10 29 4 11 15 88 48
geracao 8: 21 20 62 81 82 69 39 51 58 70 75 61 12 3 19 95 49 18 14 57 79 22 59 28 56 33 34 55 63 36 76 64 6 5 72 38 42 89 100 93 11 29 25 4 98 10 60 46 45 40 53 30 31 99 9 17 27 73 52 26 92 24 71 47 43 90 91 2 85 94 84 83 80 78 68 67 77 44 65 66 37 41 74 13 96 8 50 7 32 48 88 15 16 54 86 35 23 87 97 1
geracao 9: 34 33 22 59 28 56 21 20 79 57 84 88 17 27 73 89 100 23 87 19 3 12 61 58 51 36 76 64 85 2 91 90 43 30 42 1 95 49 26 52 60 46 45 40 92 6 5 72 93 63 55 38 35 94 7 18 13 16 54 4 29 10 98 25 14 97 62 81 82 69 41 37 66 65 44 77 67 68 78 80 83 47 71 86 11 15 48 32 50 8 96 74 70 75 39 53 24 9 99 31
geracao 10: 81 62 11 20 21 56 28 59 22 33 34 79 57 88 61 12 3 19 1 95 49 42 89 100 23 87 6 5 72 93 63 55 7 97 50 38 35 18 16 54 86 29 25 4 98 10 60 46 45 40 53 30 31 99 9 17 27 73 71 47 43 90 91 2 85 94 84 83 80 78 68 67 77 44 65 66 37 41 74 13 96 26 52 24 92 8 32 15 14 48 75 70 58 51 39 36 76 64 69 82
geracao 11: 31 5 72 93 63 55 34 33 22 59 28 56 21 20 11 62 81 82 69 79 39 16 54 86 35 30 71 47 43 27 17 42 38 52 26 92 90 91 2 85 94 84 83 57 18 29 88 1 95 49 73 80 78 68 67 77 44 6 97 7 8 96 13 74 41 37 66 60 14 15 10 32 98 4 25 50 89 100 23 87 19 3 12 61 75 70 58 51 36 76 64 65 46 45 40 53 24 48 9 99
geracao 12: 69 82 81 62 11 20 21 56 28 59 22 33 34 55 63 93 72 5 31 99 9 48 54 86 35 30 71 47 43 27 17 42 38 52 26 92 90 91 2 85 94 84 83 57 18 29 88 1 95 49 73 80 78 68 67 77 44 6 97 7 8 96 13 74 41 37 66 60 14 15 10 32 98 4 25 50 89 100 23 87 19 3 12 61 75 70 58 51 36 76 64 65 46 45 40 53 24 16 39 79
geracao 13: 37 5 72 93 63 55 34 33 38 42 17 27 43 47 71 6 7 97 35 18 16 54 86 29 25 4 98 10 26 92 90 91 2 85 94 84 83 80 78 68 67 77 44 65 41 39 15 13 22 59 28 56 21 20 11 62 81 82 69 64 14 52 30 61 12 3 19 87 23 100 89 73 88 57 31 99 9 24 53 75 70 74 96 8 50 32 48 79 58 51 36 76 1 95 49 60 46 45 40 66
geracao 14: 14 40 45 46 52 30 36 73 27 17 34 79 16 54 86 35 42 38 26 92 90 91 7 97 6 49 95 1 88 29 18 57 83 84 94 85 2 61 12 3 19 87 23 100 89 50 25 4 98 10 60 53 24 9 99 31 5 72 93 63 55 43 47 71 80 78 68 67 77 44 65 66 37 41 39 15 48 32 8 96 13 74 51 58 70 33 22 59 28 56 21 20 11 62 81 82 69 64 76 75
geracao 15: 66 62 81 82 69 68 67 77 44 8 96 13 74 41 86 35 42 38 26 92 90 91 7 97 6 49 95 1 88 29 18 57 83 84 94 85 2 61 12 3 19 87 23 100 89 50 25 4 98 10 60 53 24 9 99 31 5 72 93 63 55 43 47 71 80 65 64 76 36 51 58 70 75 32 15 14 11 20 21 56 73 78 79 39 16 54 52 17 27 30 48 34 33 22 59 28 40 45 46 37
geracao 16: 67 68 69 82 81 62 66 37 46 45 40 28 59 22 33 34 42 38 26 92 90 91 7 97 6 49 95 1 88 29 18 57 83 84 94 85 2 61 12 3 19 87 23 100 89 50 25 4 98 10 60 53 24 9 99 31 5 72 93 63 55 43 47 71 80 65 64 76 36 51 58 70 75 32 15 14 11 20 21 56 73 78 79 39 16 54 52 17 27 30 48 35 86 41 74 13 96 8 44 77
geracao 18: 67 68 69 82 81 62 66 37 46 45 40 28 59 22 33 34 42 38 26 92 90 91 7 97 6 49 95 1 88 29 18 57 83 84 94 85 2 61 12 3 19 87 23 100 89 50 25 4 98 10 60 53 24 9 99 31 5 72 93 63 55 43 47 71 80 65 64 76 36 51 74 41 86 35 48 30 27 17 52 54 16 39 79 78 73 56 21 20 11 14 15 32 75 70 58 13 96 8 44 77
geracao 19: 92 26 52 38 42 17 27 30 35 86 54 45 40 16 79 75 76 64 69 82 84 83 57 18 29 88 1 95 7 97 6 73 49 14 93 72 5 31 99 9 24 53 46 36 34 61 12 3 19 87 23 100 89 50 25 4 98 10 60 63 55 43 47 71 80 78 68 67 77 44 81 62 11 20 21 56 28 59 22 33 70 58 51 74 13 96 8 32 48 15 39 41 37 66 65 94 85 2 91 90
geracao 20: 37 46 45 40 28 59 74 41 86 35 48 30 27 22 33 34 42 38 26 92 90 91 7 97 6 49 95 1 88 29 18 57 83 84 94 85 2 61 12 3 19 87 23 100 89 50 25 4 98 10 60 53 24 9 99 31 5 72 93 63 55 43 47 71 80 65 64 76 36 51 58 70 75 32 15 14 11 20 21 56 73 78 79 39 16 54 52 17 13 96 8 44 77 67 68 69 82 81 62 66
geracao 21: 37 46 45 40 28 59 74 41 86 35 48 30 27 22 33 34 42 38 26 92 90 91 7 97 6 10 98 4 25 50 89 100 23 87 19 3 12 61 2 85 94 84 83 57 18 29 88 1 95 49 60 53 24 9 99 31 5 72 93 63 55 43 47 71 80 65 64 76 36 51 58 70 75 32 15 14 11 20 21 56 73 78 79 39 16 54 52 17 13 96 8 44 77 67 68 69 82 81 62 66
geracao 22: 68 67 77 44 8 96 13 17 52 54 48 30 27 22 33 34 42 38 26 92 90 91 7 97 6 49 95 1 88 29 18 57 83 84 94 85 2 61 12 3 19 87 23 100 89 50 25 4 98 10 60 53 24 9 99 31 5 72 93 14 15 32 75 70 58 51 36 76 64 65 80 71 47 43 55 63 11 20 21 56 73 78 79 39 16 35 86 41 74 59 28 40 45 46 37 66 62 81 82 69
geracao 23: 37 46 45 40 28 59 74 41 86 35 48 30 27 22 33 34 42 38 26 92 90 91 7 97 6 49 95 1 88 29 18 57 83 84 94 85 2 61 12 3 19 87 23 100 89 50 25 4 98 10 24 9 99 31 5 72 93 15 32 39 79 78 73 56 21 20 11 14 60 53 80 71 47 43 55 63 65 64 76 36 51 58 70 75 16 54 52 17 13 96 8 44 77 67 68 69 82 81 62 66
geracao 24: 37 46 45 40 28 59 74 41 86 35 48 30 27 22 33 34 42 38 26 92 90 91 7 97 6 49 95 1 88 29 18 57 83 84 94 85 2 61 12 3 19 87 23 100 89 50 25 4 98 10 24 9 99 31 5 72 73 56 21 20 11 14 60 53 80 71 47 43 55 63 65 64 76 36 51 58 70 75 32 15 93 78 79 39 16 54 52 17 13 96 8 44 77 67 68 69 82 81 62 66
geracao 25: 59 74 41 86 35 29 88 1 95 49 6 97 7 91 90 92 26 38 42 34 33 22 27 30 48 54 52 17 13 96 18 57 83 84 94 85 2 61 12 3 19 87 23 100 89 50 25 4 98 10 60 53 24 9 99 31 56 73 78 79 39 16 8 44 77 67 68 65 64 76 36 51 58 70 75 32 15 14 93 72 5 21 20 11 63 55 43 47 71 80 69 82 81 62 66 37 46 45 40 28
geracao 26: 68 67 77 44 8 29 88 1 95 49 6 97 7 91 90 92 26 38 42 34 33 22 27 30 48 54 52 17 13 96 18 57 83 84 94 85 2 61 12 3 19 87 23 100 89 50 25 4 98 10 24 9 99 31 5 72 73 56 21 20 11 14 60 53 80 71 47 43 55 63 65 64 76 36 51 58 70 75 32 15 93 78 79 39 16 35 86 41 74 59 28 40 45 46 37 66 62 81 82 69
geracao 27: 37 46 45 41 74 59 28 40 48 30 27 22 33 34 42 38 26 92 90 91 18 57 83 84 94 85 2 61 12 3 19 87 23 100 89 50 25 4 98 10 24 9 99 31 29 88 1 95 49 6 97 7 86 35 5 72 93 15 32 39 79 78 73 56 21 20 11 14 60 53 80 71 82 69 68 67 77 44 52 17 13 96 8 54 16 75 70 58 51 36 76 64 65 63 55 43 47 81 62 66
geracao 30: 38 42 34 33 22 27 30 48 54 52 17 13 96 94 85 2 61 12 3 19 87 23 100 89 25 4 98 10 24 9 99 31 5 72 73 56 21 20 11 50 88 29 18 57 83 84 60 53 93 14 15 32 75 70 58 51 36 76 64 65 68 67 77 44 8 16 39 79 78 63 55 43 47 71 80 69 82 81 62 66 37 46 45 40 28 59 74 41 86 35 1 95 49 6 97 7 91 90 92 26
geracao 31: 38 42 34 33 22 27 30 48 54 52 17 13 96 94 85 2 61 12 3 19 87 23 100 89 25 4 15 14 93 53 60 84 83 57 18 29 88 50 11 20 21 56 73 72 5 31 99 9 24 10 98 32 75 70 58 51 36 76 64 65 68 67 77 44 8 16 39 79 78 63 55 43 47 71 80 69 82 81 62 66 37 46 45 40 28 59 74 41 86 35 1 95 49 6 97 7 91 90 92 26
geracao 33: 38 42 34 33 22 27 30 48 54 52 17 13 96 94 85 2 61 12 3 19 87 23 100 89 25 4 15 14 93 53 60 84 83 57 18 29 88 50 11 20 21 56 73 72 5 31 99 9 24 10 98 32 75 70 62 81 82 69 80 71 47 43 55 63 78 79 39 16 8 44 77 67 68 65 64 76 36 51 58 66 37 46 45 40 28 59 74 41 86 35 1 95 49 6 97 7 91 90 92 26
geracao 34: 28 40 45 46 37 54 48 30 27 22 33 34 42 38 26 92 89 100 23 87 19 3 12 61 11 20 21 56 73 72 5 31 99 9 24 10 98 4 29 88 1 95 86 35 93 15 32 39 79 78 14 60 53 71 76 64 65 63 55 43 47 74 75 16 17 13 96 8 44 77 67 68 41 18 70 58 51 36 57 83 84 94 85 2 50 25 49 6 97 7 91 90 52 66 62 81 82 69 80 59
geracao 35: 28 40 45 46 37 54 48 30 27 22 33 34 42 38 26 92 1 88 29 4 98 10 24 9 99 31 5 72 73 56 21 20 11 61 12 35 86 95 89 100 32 39 79 78 14 60 53 71 76 64 65 63 55 43 47 74 75 16 17 13 96 8 44 77 67 68 18 41 70 58 51 36 57 83 84 94 85 2 3 19 87 23 15 93 50 25 49 6 97 7 91 90 52 66 62 81 82 69 80 59
geracao 36: 28 40 45 46 37 54 48 30 27 22 33 34 42 38 26 92 1 88 29 4 98 10 24 9 99 31 5 72 73 56 21 20 11 61 12 35 86 95 89 100 32 39 79 78 14 60 53 36 51 58 70 41 18 68 67 77 44 8 96 13 17 16 75 74 47 43 55 63 65 64 76 71 57 83 84 94 85 2 3 19 87 23 15 93 50 25 49 6 97 7 91 90 52 66 62 81 82 69 80 59
geracao 37: 38 42 34 33 22 27 30 48 54 52 17 13 96 94 85 2 61 12 3 19 87 23 100 89 25 4 15 14 93 53 60 84 83 57 18 29 88 50 11 20 21 56 73 72 8 16 39 98 32 79 78 80 71 76 64 65 63 55 43 47 74 75 44 77 67 68 69 82 81 62 66 40 45 46 37 41 28 59 70 58 51 36 10 24 9 99 31 1 95 49 6 97 7 86 35 5 91 90 92 26
geracao 38: 3 12 61 2 85 94 96 13 17 52 54 48 30 27 22 33 34 42 38 26 92 100 89 25 4 15 14 93 53 60 84 83 57 39 16 8 72 73 56 21 20 11 50 88 29 18 23 98 32 79 78 80 71 76 64 65 63 55 43 47 74 75 44 77 67 68 69 82 81 62 66 40 45 46 37 41 28 59 70 58 51 36 10 24 9 99 31 1 95 49 6 97 7 86 35 5 91 90 87 19
geracao 39: 3 12 14 15 4 25 89 100 92 26 38 42 34 33 22 27 30 48 54 52 17 13 96 94 85 2 61 93 53 60 84 83 57 39 16 8 72 73 56 21 20 11 50 88 29 18 23 98 32 79 78 80 71 76 64 65 63 55 43 47 74 75 44 77 67 68 69 82 81 62 66 40 45 46 37 41 28 59 70 58 51 36 10 24 9 99 31 1 95 49 6 97 7 86 35 5 91 90 87 19
geracao 40: 38 42 34 33 22 27 30 48 54 52 17 13 96 94 56 73 72 8 16 39 57 83 84 60 53 93 14 15 4 25 89 100 87 19 3 12 61 2 21 20 11 50 88 29 18 23 98 32 79 78 80 71 76 64 65 63 55 43 47 74 75 44 77 67 68 69 82 81 62 66 40 45 46 37 41 28 59 70 58 51 36 10 24 9 99 31 85 1 95 49 6 97 7 86 35 5 91 90 92 26
geracao 41: 38 42 34 33 22 27 30 48 54 52 17 13 96 94 56 73 72 8 16 39 57 83 84 60 53 93 14 100 87 19 3 12 61 2 21 20 11 50 88 29 18 23 85 15 4 25 89 98 32 79 78 80 71 76 64 65 63 55 43 47 74 75 44 77 67 68 69 82 81 62 66 40 45 46 37 41 28 59 70 58 51 36 10 24 9 99 31 1 95 49 6 97 7 86 35 5 91 90 92 26
geracao 42: 38 42 34 33 22 27 30 48 54 52 17 13 96 94 56 73 72 8 16 39 57 83 84 60 53 93 14 100 87 19 3 12 61 2 21 20 11 50 88 29 18 23 15 4 25 89 98 32 79 78 80 71 76 64 65 63 55 43 47 74 75 44 77 67 68 69 82 81 62 66 40 45 46 37 41 28 59 70 58 51 36 10 24 9 99 31 85 1 95 49 6 97 7 86 35 5 91 90 92 26
geracao 43: 38 42 34 33 22 27 30 48 54 52 53 60 84 83 57 39 16 8 72 73 56 21 20 11 50 88 29 23 100 93 14 15 4 25 89 98 32 79 78 80 71 76 64 65 63 55 43 40 66 62 81 82 69 68 67 77 44 75 74 47 18 17 13 96 94 85 2 61 12 3 19 87 45 46 37 41 28 59 70 58 51 36 10 24 9 99 31 1 95 49 6 97 7 86 35 5 91 90 92 26
geracao 44: 42 34 33 22 27 30 48 54 52 17 13 96 94 56 73 72 8 16 39 57 83 84 60 53 93 14 100 87 19 3 61 2 21 20 11 50 88 29 23 85 49 18 12 15 4 25 89 98 32 79 78 80 71 76 64 65 63 55 43 47 74 75 44 77 67 68 69 82 81 62 66 40 45 46 37 41 28 59 70 58 51 36 10 24 9 99 31 1 95 6 97 7 86 35 5 91 90 92 26 38
geracao 45: 42 34 33 22 27 30 48 54 52 20 21 2 61 3 19 87 100 14 93 53 60 84 83 57 39 16 8 72 73 56 94 96 13 17 11 50 88 29 23 85 49 18 12 15 4 25 89 98 32 79 78 80 71 76 64 65 63 55 43 47 74 75 44 77 67 68 69 82 81 62 66 40 45 46 37 41 28 59 70 58 51 36 10 24 9 99 31 1 95 6 97 7 86 35 5 91 90 92 26 38
geracao 46: 38 42 34 33 22 27 30 48 54 52 53 60 84 83 57 39 16 8 50 88 29 23 100 93 14 15 4 25 89 98 18 17 13 96 94 85 2 61 12 3 19 87 72 73 56 21 20 11 32 79 78 80 71 76 70 59 28 41 37 46 45 40 66 62 81 82 69 68 67 77 44 75 74 47 43 55 63 65 64 58 51 36 10 24 9 99 31 1 95 49 6 97 7 86 35 5 91 90 92 26
geracao 47: 42 34 33 22 27 30 48 54 49 52 53 60 84 83 57 39 16 8 50 88 29 23 100 93 14 15 4 25 89 98 18 17 13 96 94 85 2 61 12 3 19 87 72 73 56 21 20 11 32 79 78 80 71 76 64 65 63 55 43 47 74 75 44 77 67 68 69 82 81 62 66 40 45 46 37 41 28 59 70 58 51 36 10 24 9 99 31 1 95 6 97 7 86 35 5 91 90 92 26 38
geracao 49: 53 52 49 54 48 30 27 22 33 66 40 45 46 37 41 28 16 8 50 88 29 23 100 93 14 15 4 25 89 98 18 17 13 96 94 85 2 61 12 3 19 87 72 73 56 21 20 11 32 79 78 80 71 76 64 65 63 55 43 47 74 75 44 77 67 68 69 82 81 62 59 70 58 51 36 10 24 9 99 31 1 95 6 97 7 86 35 5 91 90 92 26 38 42 34 39 57 83 84 60
geracao 50: 53 52 49 54 48 30 27 22 33 66 40 45 46 37 41 28 16 8 72 87 19 3 12 61 2 85 94 96 13 17 18 98 89 25 4 15 14 93 100 23 29 88 50 73 56 21 20 11 32 79 78 80 71 76 64 65 63 55 43 47 74 75 44 77 67 68 69 82 81 62 59 70 58 51 36 10 24 9 99 31 1 95 6 97 7 86 35 5 91 90 92 26 38 42 34 39 57 83 84 60
geracao 51: 53 52 49 54 48 30 27 22 33 66 40 45 46 37 41 28 16 8 12 3 19 87 72 61 2 85 94 96 13 17 18 98 89 25 4 15 14 93 100 23 29 88 50 73 56 21 20 11 32 79 78 80 71 76 64 65 63 55 43 47 74 75 44 77 67 68 69 82 81 62 59 70 58 51 36 10 24 9 99 31 1 95 6 97 7 86 35 5 91 90 92 26 38 42 34 39 57 83 84 60
geracao 52: 46 37 41 28 16 8 14 15 4 25 89 98 18 30 48 54 49 52 53 60 84 83 33 22 27 17 13 96 94 85 2 61 12 3 19 87 72 73 56 21 20 11 32 79 78 80 71 76 64 65 63 55 43 47 74 75 44 77 67 68 69 82 81 62 59 70 58 51 36 10 24 9 99 31 1 93 100 23 29 88 50 95 6 97 7 86 35 5 91 90 92 26 38 42 34 39 57 66 40 45
geracao 53: 46 37 41 28 16 8 14 15 4 25 89 98 18 30 48 54 49 11 20 21 56 73 72 87 19 3 12 61 2 85 94 96 13 17 27 22 33 83 84 60 53 52 32 79 78 80 71 76 64 65 63 55 43 47 74 75 44 77 67 68 69 82 81 62 59 70 58 51 36 10 24 9 99 31 1 93 100 23 29 88 50 95 6 97 7 86 35 5 91 90 92 26 38 42 34 39 57 66 40 45
geracao 54: 53 52 49 54 48 30 27 22 33 66 40 45 46 37 41 28 16 8 12 3 19 87 72 61 2 85 94 96 29 88 50 73 56 21 20 11 32 79 78 80 71 76 70 59 62 81 82 69 68 67 77 44 75 74 47 43 55 63 65 64 58 51 36 10 24 9 99 31 1 95 6 97 13 17 18 98 89 25 4 15 14 93 100 23 35 86 7 5 91 90 92 26 38 42 34 39 57 83 84 60
geracao 59: 18 30 48 54 49 52 53 60 84 83 57 39 34 42 38 26 20 21 56 73 14 8 16 28 41 37 46 45 40 66 33 22 27 17 13 96 94 85 2 61 12 11 32 79 78 80 71 76 64 65 63 55 43 47 74 75 44 77 67 68 69 82 81 62 59 70 58 51 36 10 24 9 99 31 1 93 100 23 29 88 50 95 6 97 7 86 35 5 91 90 92 3 19 87 72 15 4 25 89 98
geracao 60: 18 30 48 54 49 66 40 45 46 37 41 28 16 8 14 73 56 21 20 26 38 42 34 39 57 83 84 60 53 52 33 22 27 17 13 96 94 85 2 61 12 11 32 79 78 80 71 76 64 65 63 55 43 47 74 75 44 77 67 68 69 82 81 62 59 70 58 51 36 10 24 9 99 31 1 93 100 23 29 88 50 95 6 97 7 86 35 5 91 90 92 3 19 87 72 15 4 25 89 98
geracao 61: 18 30 48 54 49 52 53 60 84 83 57 66 33 22 27 17 13 12 10 3 19 87 72 61 2 85 94 96 29 88 50 73 56 21 20 11 32 79 78 80 71 76 70 59 62 81 82 69 68 67 77 44 75 74 47 43 55 63 65 64 58 51 36 24 5 7 86 35 23 100 93 99 9 31 1 95 6 97 91 90 92 26 38 42 34 39 40 45 46 37 41 28 16 8 14 15 4 25 89 98
geracao 62: 84 60 53 52 49 54 48 30 18 98 89 25 4 15 72 87 19 61 2 85 94 96 13 17 27 22 33 55 63 65 64 76 71 80 78 79 32 11 20 21 56 73 14 8 16 28 41 37 46 45 40 66 43 47 74 75 44 77 67 68 69 82 81 62 59 70 58 51 36 10 24 9 99 31 1 93 100 23 29 88 50 95 6 97 7 86 35 5 91 90 92 3 12 26 38 42 34 39 57 83
geracao 63: 18 30 48 54 49 52 53 60 84 83 57 66 33 22 27 17 13 12 10 3 19 87 72 61 2 85 94 96 29 88 50 73 56 21 20 11 32 79 78 80 71 76 70 59 62 81 82 69 68 67 77 44 75 74 47 43 55 63 65 64 58 51 36 24 5 7 86 35 23 100 93 99 9 31 89 25 4 15 14 8 16 28 41 37 46 45 40 39 34 42 38 26 92 90 91 97 6 95 1 98
geracao 64: 48 54 49 52 53 60 84 83 57 66 33 22 27 17 13 12 10 3 19 87 72 61 2 85 94 96 29 88 50 73 56 1 98 21 20 11 32 79 78 80 71 76 70 59 62 81 82 69 68 67 77 44 75 74 47 43 55 63 65 64 58 51 36 24 5 7 86 35 23 100 93 99 9 31 89 25 4 15 14 8 16 28 41 37 46 45 40 39 34 42 38 26 92 90 91 97 6 95 18 30
geracao 68: 6 97 91 90 92 26 22 27 17 13 12 10 3 19 87 72 61 2 85 94 96 29 88 50 73 56 1 98 21 20 11 32 79 78 80 71 76 70 59 62 81 82 69 68 67 77 44 75 74 47 40 39 34 42 38 8 14 15 4 25 89 31 9 99 93 100 23 35 86 7 5 24 36 51 58 64 65 63 55 43 16 28 41 37 46 45 33 66 57 83 84 60 53 52 49 54 48 30 18 95
geracao 69: 6 97 91 90 92 26 22 27 17 13 12 10 3 19 87 72 61 2 85 94 96 29 88 50 73 56 1 98 21 20 11 32 79 78 80 71 76 70 59 62 81 82 69 68 67 77 44 75 74 51 36 24 5 7 86 35 23 100 93 99 9 31 89 25 4 15 14 8 38 42 34 39 40 47 58 64 65 63 55 43 16 28 41 37 46 45 33 66 57 83 84 60 53 52 49 54 48 30 18 95
geracao 70: 22 27 17 13 12 10 3 19 87 72 61 2 85 94 96 29 88 50 73 56 1 98 21 20 11 32 79 78 80 74 75 44 77 67 48 54 49 52 53 60 84 83 57 66 33 68 69 82 81 62 59 70 76 71 47 43 55 63 65 64 58 51 36 24 5 7 86 35 23 100 93 99 9 31 89 25 4 15 14 8 16 28 41 37 46 45 40 39 34 42 38 26 92 90 91 97 6 95 18 30
geracao 72: 22 27 17 13 12 10 3 19 87 72 61 2 85 94 96 29 88 50 73 56 1 98 21 20 11 32 79 78 80 74 75 44 55 43 47 71 76 70 59 62 81 82 69 68 33 66 57 83 84 60 53 52 49 54 48 67 77 63 65 64 58 51 36 24 5 7 86 35 23 100 93 99 9 31 89 25 4 15 14 8 16 28 41 37 46 45 40 39 34 42 38 26 92 90 91 97 6 95 18 30
geracao 73: 22 27 17 13 12 10 3 19 87 72 61 2 85 94 96 29 88 50 73 56 1 98 21 20 11 32 59 62 81 82 69 68 33 66 57 83 84 60 53 52 44 75 74 80 78 79 70 76 71 47 43 55 49 54 48 67 77 63 65 64 58 51 36 24 5 7 86 35 23 100 93 99 9 31 89 25 4 15 14 8 16 28 41 37 46 45 40 39 34 42 38 26 92 90 91 97 6 95 18 30
geracao 74: 22 27 17 13 12 10 3 19 87 72 61 2 85 94 96 29 88 50 73 56 1 98 21 20 11 32 59 62 81 82 69 68 77 67 48 54 49 55 43 47 71 76 70 79 78 80 74 75 44 52 53 60 84 83 57 66 33 63 65 64 58 51 36 24 5 7 86 35 23 100 93 99 9 31 89 25 4 15 14 8 16 28 41 37 46 45 40 39 34 42 38 26 92 90 91 97 6 95 18 30
geracao 76: 22 27 17 13 12 10 3 19 87 72 61 2 85 94 96 29 88 50 73 56 1 98 21 20 11 32 59 62 81 82 69 68 77 63 33 66 57 83 84 60 53 52 44 75 74 80 78 79 70 76 71 47 43 55 49 54 48 67 65 64 58 51 36 24 5 7 86 35 23 100 93 99 9 31 89 25 4 15 14 8 16 28 41 37 46 45 40 39 34 42 38 26 92 90 91 97 6 95 18 30
geracao 77: 16 28 41 37 46 45 40 39 34 42 38 26 92 90 91 29 88 50 73 56 1 98 21 20 11 32 59 62 81 82 69 68 77 67 48 54 49 55 43 47 71 76 70 79 78 80 74 75 44 52 53 60 84 83 57 66 33 63 65 64 58 51 36 24 5 7 86 35 23 100 93 99 9 31 89 25 4 15 14 8 12 13 17 27 22 30 18 95 6 97 96 94 85 2 61 72 87 19 3 10
geracao 78: 16 28 41 37 46 45 40 39 34 42 38 26 92 90 91 29 88 50 73 56 1 98 21 20 11 32 59 62 81 82 69 68 77 63 33 66 57 83 84 60 53 52 44 75 74 80 78 79 70 76 71 47 43 55 49 54 48 67 65 64 58 51 36 24 5 7 86 35 23 100 93 99 9 31 89 25 4 15 14 8 12 13 17 27 22 30 18 95 6 97 96 94 85 2 61 72 87 19 3 10
geracao 79: 11 20 21 98 1 56 73 50 88 29 91 90 92 26 38 42 34 39 40 45 46 37 41 28 16 32 59 62 81 82 69 68 77 63 33 66 57 83 84 60 53 52 44 75 74 80 78 79 70 76 71 47 43 55 49 54 48 67 65 64 58 51 36 24 5 7 86 35 23 100 93 99 9 31 89 25 4 15 14 8 12 13 17 27 22 30 18 95 6 97 96 94 85 2 61 72 87 19 3 10
geracao 81: 11 20 21 98 1 56 73 50 88 29 91 90 92 26 38 42 34 39 40 45 46 37 41 28 16 32 59 62 81 82 69 68 77 63 33 66 57 83 84 60 53 52 44 75 74 80 78 79 70 76 71 47 43 55 49 54 48 67 65 64 58 51 36 24 5 7 86 35 23 100 93 99 9 31 19 87 72 61 2 85 94 96 97 6 95 18 30 22 27 17 13 12 8 14 15 4 25 89 3 10
geracao 82: 95 6 97 96 94 56 73 50 88 29 91 90 92 26 38 42 34 39 40 45 46 37 41 28 16 32 59 62 81 82 69 68 77 63 33 66 57 83 84 60 53 52 44 75 74 80 78 79 70 76 71 47 43 55 49 54 48 67 65 64 58 51 36 24 5 7 86 35 23 100 93 99 9 31 19 87 72 61 2 85 1 98 21 20 11 10 3 89 25 4 15 14 8 12 13 17 27 22 30 18
geracao 84: 95 6 97 96 94 56 73 50 88 29 91 90 92 26 38 42 34 39 40 45 46 37 41 28 16 32 59 62 81 82 69 68 77 63 65 67 48 54 49 55 43 47 71 76 70 79 78 80 74 75 44 52 53 60 84 83 57 66 33 64 58 51 36 24 5 7 86 35 23 100 93 99 9 31 19 87 72 61 2 85 1 98 21 20 11 10 3 89 25 4 15 14 8 12 13 17 27 22 30 18
geracao 85: 95 6 97 96 94 56 73 50 88 29 91 90 92 26 38 42 34 39 40 45 46 37 41 28 16 32 70 76 71 79 78 80 74 75 44 52 53 60 84 83 57 66 33 63 77 68 69 82 81 62 59 47 43 55 49 54 48 67 65 64 58 51 36 24 5 7 86 35 23 100 93 99 9 31 19 87 72 61 2 85 1 98 21 20 11 10 3 89 25 4 15 14 8 12 13 17 27 22 30 18
geracao 86: 95 6 97 96 94 56 73 50 88 29 91 90 92 26 38 42 34 39 40 45 46 37 41 28 16 32 59 62 81 82 69 83 84 60 53 52 44 75 74 80 78 79 70 76 71 47 43 55 49 54 48 67 65 63 77 68 57 66 33 64 58 51 36 24 5 7 86 35 23 100 93 99 9 31 19 87 72 61 2 85 1 98 21 20 11 10 3 89 25 4 15 14 8 12 13 17 27 22 30 18
geracao 87: 41 37 46 45 40 39 34 42 38 26 92 90 91 29 88 50 73 56 94 96 97 6 95 18 16 32 70 76 71 79 78 80 74 75 44 52 53 60 84 83 57 66 33 63 77 68 69 82 81 62 59 47 43 55 49 54 48 67 65 64 58 51 36 24 5 7 86 35 23 100 93 99 9 31 19 87 72 61 2 85 1 98 21 20 11 10 3 89 25 4 15 14 8 12 13 17 27 22 30 28
geracao 88: 95 6 97 96 94 56 73 50 88 29 91 90 92 26 38 42 34 39 40 45 46 37 41 28 16 32 70 76 71 79 78 80 74 75 44 52 58 64 33 66 57 68 77 63 65 67 48 54 49 55 43 47 59 62 81 82 69 83 84 60 53 51 36 24 5 7 86 35 23 100 93 99 9 31 19 87 72 61 2 85 1 98 21 20 11 10 3 89 25 4 15 14 8 12 13 17 27 22 30 18
geracao 89: 41 37 46 45 40 39 34 42 38 26 92 90 91 29 88 50 73 56 94 96 97 6 95 18 16 32 70 76 71 79 78 80 74 75 44 52 53 60 84 83 69 82 81 62 59 47 43 55 49 54 48 67 65 63 77 68 57 66 33 64 58 51 36 24 5 7 86 35 23 100 93 99 9 31 19 87 72 61 2 85 1 98 21 20 11 10 3 89 25 4 15 14 8 12 13 17 27 22 30 28
geracao 90: 13 12 8 14 15 4 25 89 3 10 92 90 91 29 88 50 73 56 94 96 97 6 95 18 16 32 70 76 71 79 78 80 74 75 44 52 53 60 84 83 69 82 81 62 59 47 43 55 49 54 48 67 65 63 77 68 57 66 33 64 58 51 36 24 5 7 86 35 23 100 93 99 9 31 19 87 72 61 2 85 1 98 21 20 11 26 38 42 34 39 40 45 46 37 41 28 30 22 27 17
geracao 91: 40 45 46 37 41 28 16 18 30 22 27 17 13 12 8 14 88 50 73 56 94 96 97 6 95 32 48 54 49 55 43 47 59 62 81 82 69 83 84 60 53 52 44 75 74 80 78 79 71 76 70 67 65 63 77 68 57 66 33 64 58 51 36 24 5 7 86 35 23 100 93 99 9 31 19 87 72 61 2 85 1 98 21 20 11 10 3 89 25 4 15 29 91 90 92 26 38 42 34 39
geracao 92: 13 12 10 3 89 25 4 15 14 8 92 90 91 29 88 50 73 56 94 96 97 6 95 18 16 32 48 54 49 55 43 47 59 62 81 82 69 83 84 60 53 52 44 75 74 80 78 79 71 76 70 67 65 63 77 68 57 66 33 64 58 51 36 24 5 7 86 35 23 100 93 99 9 31 19 87 72 61 2 85 1 98 21 20 11 26 38 42 34 39 40 45 46 37 41 28 30 22 27 17
geracao 93: 21 98 1 85 15 4 25 89 3 10 92 90 91 29 88 50 73 56 94 96 97 6 95 18 16 32 54 48 49 55 43 47 59 62 81 82 69 83 84 60 53 52 44 75 74 80 78 79 71 76 70 67 65 63 77 68 57 66 33 64 58 51 36 24 5 7 86 35 23 100 93 99 9 31 19 87 72 61 2 14 8 12 13 17 27 22 30 28 41 37 46 45 40 39 34 42 38 26 11 20
geracao 95: 21 98 1 85 15 4 25 89 3 10 92 90 91 29 88 50 73 56 94 96 97 6 95 18 16 32 48 54 49 55 43 47 59 62 81 82 69 83 84 60 53 52 44 75 74 80 78 79 71 76 70 67 65 63 77 68 57 66 33 64 58 51 36 24 5 7 86 35 23 100 93 99 9 31 19 87 72 61 2 14 8 12 13 17 27 22 30 28 41 37 46 45 40 39 34 42 38 26 11 20
geracao 97: 1 85 15 4 25 89 3 10 92 90 91 29 88 50 73 56 94 96 97 6 95 18 16 20 21 32 48 54 49 55 43 47 59 62 81 82 69 83 84 60 53 52 44 75 74 80 78 79 71 76 70 67 65 63 77 68 57 66 33 64 58 51 36 24 5 7 86 35 23 100 93 99 9 31 19 87 72 61 2 14 8 12 13 17 27 22 30 28 41 37 46 45 40 39 34 42 38 26 11 98
geracao 98: 21 98 1 85 15 4 25 89 3 10 92 90 91 29 88 50 73 56 94 96 97 6 95 18 16 32 48 54 49 55 43 47 59 62 81 83 84 68 77 63 65 67 70 76 71 79 78 80 74 75 44 52 53 60 69 82 57 66 33 64 58 51 36 24 41 28 30 22 27 17 13 12 8 14 2 61 72 87 19 31 9 99 93 100 23 35 86 7 5 37 46 45 40 39 34 42 38 26 11 20
geracao 99: 45 46 37 5 7 86 35 89 3 10 92 90 91 29 88 50 73 56 94 96 97 6 95 18 16 32 48 54 49 55 43 47 59 62 81 83 84 68 77 63 65 67 70 76 71 79 78 80 74 75 44 52 53 60 69 82 64 58 51 36 24 41 28 30 22 27 17 13 12 8 14 2 61 72 87 19 31 9 99 93 100 23 25 4 15 85 1 98 21 20 11 26 57 66 33 38 42 34 39 40
geracao 101: 42 38 33 66 57 26 11 20 21 98 1 90 91 29 88 50 73 56 94 96 97 6 95 18 16 32 48 54 49 55 43 47 59 62 81 83 84 68 77 63 65 67 70 76 71 79 78 80 74 75 44 52 53 60 69 82 64 58 51 36 24 41 28 30 22 27 17 13 12 8 14 2 61 72 87 19 31 9 99 93 100 23 25 4 15 85 92 10 3 89 35 86 7 5 37 46 45 40 39 34
geracao 105: 11 26 57 66 33 38 42 34 39 40 45 46 37 5 7 86 73 56 94 96 97 6 95 18 16 32 48 54 49 55 43 47 59 62 81 83 84 68 77 63 65 67 70 76 71 79 78 80 74 75 44 52 53 60 69 82 64 58 51 36 24 41 28 30 22 27 17 13 12 8 14 2 61 72 87 19 31 9 99 93 100 23 25 4 15 85 92 10 3 89 35 50 88 29 91 90 1 98 21 20
geracao 106: 57 66 33 38 42 34 39 40 45 46 37 5 7 86 35 50 73 56 94 96 97 6 95 18 16 32 48 54 49 55 43 47 59 62 81 83 84 68 77 63 65 67 70 76 71 79 78 80 74 75 44 52 53 60 69 82 64 58 51 36 24 41 28 30 22 27 17 13 12 8 14 2 61 72 87 19 31 9 99 93 100 23 25 4 15 85 92 10 3 89 88 29 91 90 1 98 21 20 11 26
geracao 107: 97 96 94 56 73 86 7 5 37 46 45 40 39 34 42 38 33 66 57 26 11 20 21 18 16 32 48 54 49 55 43 47 59 62 81 83 84 68 77 63 65 67 70 76 71 79 78 80 74 75 44 52 53 60 69 82 64 58 51 36 24 41 28 30 22 27 17 13 12 8 14 2 61 72 87 19 31 9 99 93 100 23 25 4 15 85 92 10 3 89 35 50 88 29 91 90 1 98 95 6
geracao 108: 39 34 42 38 33 66 57 26 11 20 21 98 1 90 91 29 73 56 94 96 97 6 95 18 16 32 48 54 49 55 43 47 59 62 81 83 84 68 77 63 65 67 70 76 71 79 78 80 74 75 44 52 53 60 69 82 64 58 51 36 24 41 28 30 22 27 17 13 12 8 14 2 61 72 87 19 31 9 99 93 100 23 25 4 15 85 92 10 3 89 88 50 35 86 7 5 37 46 45 40
geracao 110: 21 20 11 26 57 66 33 38 42 34 39 40 45 46 37 5 7 86 94 96 97 6 95 18 16 32 48 54 49 55 43 47 59 62 81 83 84 68 77 63 65 67 70 76 71 79 78 80 74 75 44 52 53 60 69 82 64 58 51 36 24 41 28 30 22 27 17 13 12 8 14 2 61 72 87 19 31 9 99 93 100 23 25 4 15 85 92 10 3 89 88 50 35 56 73 29 91 90 1 98
geracao 111: 16 18 95 6 97 96 94 56 73 29 91 90 1 98 21 20 11 26 57 66 33 38 42 34 39 32 48 54 49 55 43 47 59 62 81 83 84 68 77 63 65 67 70 76 71 79 78 80 74 75 44 52 53 60 69 82 64 58 51 36 24 41 28 30 22 27 17 13 12 8 14 2 61 72 87 19 31 9 99 93 100 23 25 4 15 85 92 10 3 89 88 50 35 86 7 5 37 46 45 40
geracao 114: 7 86 35 50 88 89 3 10 92 85 91 90 1 98 21 20 11 26 57 66 33 38 42 34 39 32 48 54 49 55 43 47 59 62 81 83 84 68 77 63 65 67 70 76 71 79 78 80 74 75 44 52 53 60 69 82 64 58 51 36 24 41 28 30 22 27 17 13 12 8 14 2 61 72 87 19 31 9 99 93 100 23 25 4 15 29 73 56 94 96 97 6 95 18 16 40 45 46 37 5
geracao 116: 7 86 35 50 88 89 3 10 92 85 91 90 1 98 21 20 11 26 57 66 33 38 42 34 39 32 48 54 49 55 43 47 59 62 81 83 84 68 77 63 65 67 70 76 71 79 78 80 74 75 44 52 53 60 69 82 64 58 51 36 24 41 28 30 22 27 17 13 95 6 97 96 94 56 73 29 15 4 25 23 100 93 99 9 31 19 87 72 61 2 14 8 12 18 16 40 45 46 37 5
geracao 117: 61 72 87 19 31 9 99 10 92 85 91 90 1 98 21 20 11 26 57 66 33 38 42 34 39 32 48 54 49 55 43 47 59 62 81 83 84 68 77 63 65 67 70 76 71 79 78 80 74 75 44 52 53 60 69 82 64 58 51 36 24 41 28 30 22 27 17 13 95 6 97 96 94 56 73 29 15 4 25 23 100 93 3 89 88 50 35 86 7 5 37 46 45 40 16 18 12 8 14 2
geracao 118: 100 23 25 50 88 89 3 10 92 85 91 90 1 98 21 20 11 26 57 66 33 38 42 34 39 32 48 54 49 55 43 47 59 62 81 83 84 68 77 63 65 67 70 76 71 79 78 80 74 75 44 52 53 60 69 82 64 58 51 36 24 41 28 30 22 27 17 13 95 6 97 96 94 56 73 29 15 4 35 86 7 5 37 46 45 40 16 18 12 8 14 2 61 72 87 19 31 9 99 93
geracao 119: 3 89 88 23 100 93 99 9 31 19 87 72 61 2 14 8 11 26 57 66 33 38 42 34 39 32 48 54 49 55 43 47 59 62 81 83 84 68 77 63 65 67 70 76 71 79 78 80 74 75 44 52 53 60 69 82 64 58 51 36 24 41 28 30 22 27 17 13 95 6 97 96 94 56 73 29 15 4 25 50 35 86 7 5 37 46 45 40 16 18 12 20 21 98 1 90 91 85 92 10
geracao 120: 99 9 3 10 92 85 91 90 1 98 21 20 11 26 57 66 33 38 42 34 39 40 45 46 37 75 74 80 78 79 71 76 70 67 65 63 77 68 84 83 81 62 59 47 43 55 49 54 48 32 44 52 53 60 69 82 64 58 51 36 24 41 28 30 22 27 17 13 12 8 14 2 61 72 87 19 31 89 88 50 35 86 7 5 16 18 95 6 97 96 94 56 73 29 15 4 25 23 100 93
geracao 123: 100 93 99 9 31 19 87 72 61 2 14 8 11 26 57 66 33 38 42 34 39 40 45 46 37 75 74 80 78 79 71 76 70 67 65 63 77 68 84 83 81 62 59 47 43 55 49 54 48 32 44 52 53 60 69 82 64 58 51 36 24 41 28 30 22 27 17 13 95 6 97 96 94 56 88 89 3 10 92 85 91 90 1 98 21 20 12 18 16 5 7 86 35 50 25 4 15 29 73 23
geracao 125: 100 93 99 9 31 19 87 72 61 2 14 8 11 26 57 66 33 38 42 34 39 40 45 46 37 75 74 80 78 79 71 76 70 67 65 63 77 68 84 83 81 62 59 47 43 55 49 54 48 32 44 52 53 60 69 82 64 58 51 36 24 41 28 30 22 27 17 13 95 6 97 96 94 56 88 23 73 29 15 4 25 50 35 86 7 5 16 18 12 20 21 98 1 90 91 85 92 10 3 89
geracao 130: 99 93 100 89 3 10 92 85 91 90 1 98 21 20 57 66 33 38 42 34 39 40 45 46 37 75 74 80 78 79 71 76 70 67 65 63 77 68 84 83 81 62 59 47 43 55 49 54 48 32 44 52 53 60 69 82 64 58 51 36 24 41 28 30 22 27 17 13 95 6 97 96 94 56 88 12 18 16 5 7 86 35 50 25 4 15 29 73 23 31 19 87 72 61 2 14 8 11 26 9
geracao 132: 100 93 99 9 31 19 87 72 61 2 14 8 11 26 57 66 33 38 42 34 39 40 49 55 43 47 45 54 59 62 81 83 84 68 77 63 65 67 70 76 71 79 78 80 74 75 37 46 48 32 44 52 53 60 69 82 64 58 51 36 24 41 28 30 22 27 17 13 95 6 97 96 94 56 88 23 73 29 15 4 25 50 35 86 7 5 16 18 12 20 21 98 1 90 91 85 92 10 3 89
geracao 135: 100 93 99 9 31 19 87 72 61 2 14 8 11 26 57 66 33 38 42 34 39 40 49 46 37 75 74 80 78 79 71 76 70 67 65 63 77 68 84 83 81 62 59 54 45 47 43 55 48 32 44 52 53 60 69 82 64 58 51 36 24 41 28 30 22 27 17 13 95 6 97 96 94 56 88 23 73 29 15 4 25 50 35 86 7 5 16 18 12 20 21 98 1 90 91 85 92 10 3 89
geracao 138: 100 93 99 9 31 19 87 72 61 2 14 8 11 26 57 66 33 38 42 34 39 40 49 46 37 75 74 80 78 79 71 76 70 67 65 63 77 68 84 83 81 62 59 54 45 47 43 55 48 32 44 52 53 60 69 82 64 58 51 36 24 41 28 30 22 27 17 13 6 95 97 96 94 56 88 23 73 29 15 4 25 50 35 86 7 5 16 18 12 20 21 98 1 90 91 85 92 10 3 89
geracao 143: 3 89 100 93 99 9 31 19 61 2 14 8 11 26 57 66 33 38 42 34 39 40 49 46 37 75 74 80 78 79 71 76 70 67 65 63 77 68 84 83 81 62 59 54 45 47 43 55 48 32 44 52 53 60 69 82 64 58 51 36 24 41 28 30 22 27 17 13 6 95 97 96 94 56 88 23 73 29 15 4 25 50 87 72 35 86 7 5 16 18 12 20 21 98 1 90 91 85 92 10
geracao 146: 100 93 99 9 31 19 87 72 61 2 14 8 11 26 57 66 33 38 42 34 39 40 37 46 49 55 43 47 45 54 59 62 81 83 84 68 77 63 65 67 70 76 71 79 78 80 74 75 48 32 44 52 53 60 69 82 64 58 51 36 24 41 28 30 22 27 17 13 6 95 97 96 94 56 88 23 73 29 15 4 25 50 35 86 7 5 16 18 12 20 21 98 1 90 91 85 92 10 3 89
geracao 147: 3 89 100 93 99 9 31 19 61 2 14 8 11 26 57 66 33 38 42 34 39 40 49 46 37 75 74 80 78 79 71 76 70 67 65 63 77 68 84 83 81 62 59 54 45 47 43 55 48 32 44 52 53 60 69 82 64 58 51 36 24 41 28 30 22 27 17 13 6 95 97 96 94 56 88 23 73 29 15 4 25 50 35 86 7 5 16 18 12 20 21 98 1 90 91 87 72 85 92 10
geracao 148: 3 89 100 93 99 9 31 19 61 2 14 8 11 26 57 66 33 38 42 34 39 40 37 46 49 55 43 47 45 54 59 62 81 83 84 68 77 63 65 67 70 76 71 79 78 80 74 75 48 32 44 52 53 60 69 82 64 58 51 36 24 41 28 30 22 27 17 13 6 95 97 96 94 56 88 23 73 29 15 4 25 50 35 86 7 5 16 18 12 20 21 98 1 90 91 87 72 85 92 10
geracao 151: 3 89 100 93 99 9 31 19 61 2 14 8 11 26 57 66 33 38 42 34 39 47 45 54 59 62 81 83 84 68 77 63 65 67 70 76 71 79 78 80 74 75 37 46 49 40 43 55 48 32 44 52 53 60 69 82 64 58 51 36 24 41 28 30 22 27 17 13 6 95 97 96 94 56 88 23 73 29 15 4 25 50 35 86 7 5 16 18 12 20 21 98 1 90 91 87 72 85 92 10
geracao 157: 3 89 100 93 99 9 31 19 61 2 14 8 11 26 57 66 33 38 42 34 39 47 45 55 43 40 49 46 37 60 53 52 44 32 48 54 59 62 81 83 84 68 77 63 65 67 70 76 71 79 78 80 74 75 69 82 64 58 51 36 24 41 28 30 22 27 17 13 6 95 97 96 94 56 88 23 73 29 15 4 25 50 35 86 7 5 16 18 12 20 21 98 1 90 91 87 72 85 92 10
geracao 160: 3 89 100 93 99 9 31 19 61 2 14 8 11 26 57 66 44 52 53 60 37 46 49 40 43 55 45 47 39 34 42 38 33 32 48 54 59 62 81 83 84 68 77 63 65 67 70 76 71 79 78 80 74 75 69 82 64 58 51 36 24 41 28 30 22 27 17 13 6 95 97 96 94 56 88 23 73 29 15 4 25 50 35 86 7 5 16 18 12 20 21 98 1 90 91 87 72 85 92 10
geracao 163: 14 8 11 26 57 66 33 38 42 34 39 47 45 48 55 54 59 37 46 49 40 43 32 44 52 53 60 62 81 83 84 68 77 63 65 67 70 76 71 79 78 80 74 75 69 82 64 58 51 36 24 41 28 30 22 27 17 13 6 95 97 96 94 56 88 23 73 29 15 4 25 50 35 86 7 5 16 18 12 20 21 98 1 90 91 87 72 85 92 10 3 89 100 93 99 9 31 19 61 2
geracao 166: 14 8 11 26 57 66 33 38 42 34 39 47 45 48 55 54 59 37 46 49 40 43 32 44 52 53 60 62 81 83 84 68 77 63 65 67 70 76 71 79 78 80 74 75 69 82 64 58 51 36 24 41 28 30 22 27 17 13 6 95 97 96 94 56 88 23 91 90 1 98 21 20 12 18 16 5 7 86 35 50 25 4 15 29 73 87 72 85 92 10 3 89 100 93 99 9 31 19 61 2
geracao 167: 21 20 11 26 57 66 33 38 42 34 39 47 45 48 55 54 59 37 46 49 40 43 32 44 52 53 60 62 81 83 84 68 77 63 65 67 70 76 71 79 78 80 74 75 69 82 64 58 51 36 24 41 28 30 22 27 17 13 6 95 97 96 94 56 88 23 73 29 15 4 25 50 35 86 7 5 16 18 12 3 89 100 93 99 9 31 19 61 2 14 8 10 92 85 72 87 91 90 1 98
geracao 172: 21 20 11 26 57 66 83 84 81 62 60 53 52 44 32 43 40 49 46 37 59 54 55 48 45 47 39 34 42 38 33 68 77 63 65 67 70 76 71 79 78 80 74 75 69 82 64 58 51 36 24 41 28 30 22 27 17 13 6 95 97 96 94 56 88 23 73 29 15 4 72 85 92 10 8 14 2 61 19 31 9 99 93 100 89 3 12 18 16 5 7 86 35 50 25 87 91 90 1 98
geracao 173: 21 20 11 26 57 53 52 44 32 43 40 49 46 37 59 54 55 48 45 47 39 34 42 38 33 66 60 62 81 83 84 68 77 63 65 67 70 76 71 79 78 80 74 75 69 82 64 58 51 36 24 41 28 30 22 27 17 13 6 95 97 96 94 56 88 23 73 29 15 4 25 50 35 86 7 5 16 18 12 3 89 100 93 99 9 31 19 61 2 14 8 10 92 85 72 87 91 90 1 98
geracao 174: 21 20 11 26 57 53 52 44 32 43 40 49 46 37 59 54 55 48 45 47 39 34 42 38 33 66 60 62 81 83 84 68 77 63 65 67 70 76 71 79 78 80 74 75 69 82 64 58 51 36 24 41 28 30 22 27 17 13 6 95 97 96 94 56 88 23 73 29 15 4 72 85 92 10 8 14 2 61 19 31 9 99 93 100 89 3 12 18 16 5 7 86 35 50 25 87 91 90 1 98
geracao 177: 21 20 11 26 57 53 52 44 32 43 40 49 46 37 59 54 55 48 45 47 39 34 42 38 33 66 60 62 81 83 84 68 77 63 65 67 70 76 71 79 78 80 74 75 69 82 64 58 51 36 24 41 28 30 22 27 17 13 6 95 97 96 94 56 88 23 73 29 15 4 72 87 25 50 35 86 7 5 16 18 12 3 89 100 93 99 9 31 19 61 2 14 8 10 92 85 91 90 1 98
geracao 180: 21 20 11 26 57 53 52 44 32 43 40 49 46 37 59 54 55 48 45 47 39 34 42 38 33 66 60 62 81 83 84 68 77 63 65 67 70 76 71 79 78 80 74 75 69 82 64 58 51 36 24 41 28 30 22 27 17 13 6 95 97 96 94 56 88 23 73 29 15 4 72 87 25 50 35 86 7 5 16 18 12 3 89 100 93 99 9 19 31 61 2 14 8 10 92 85 91 90 1 98
geracao 187: 21 20 11 26 57 53 52 44 32 43 40 49 46 37 59 54 55 48 45 47 39 34 42 38 33 36 51 58 64 82 69 75 74 80 78 79 71 76 70 67 65 63 77 68 84 83 81 62 60 66 24 41 28 30 22 27 17 13 6 95 97 96 94 56 88 23 73 29 15 4 72 87 35 50 25 86 7 5 16 18 12 3 89 100 93 99 9 19 31 61 2 14 8 10 92 85 91 90 1 98
geracao 188: 21 20 11 26 57 53 52 44 32 43 40 49 46 37 59 54 55 48 45 47 39 34 42 38 33 66 60 62 81 83 84 68 77 63 65 67 70 76 71 79 78 80 74 75 69 82 64 58 51 36 24 41 28 30 22 27 17 13 6 95 97 96 94 56 88 23 73 29 15 4 72 87 35 50 25 86 7 5 16 18 12 3 89 100 93 99 9 19 31 61 2 14 8 10 92 85 91 90 1 98
geracao 192: 21 20 11 26 24 41 60 66 33 38 42 34 39 47 45 48 55 54 59 37 46 49 40 43 32 44 52 53 57 36 51 58 64 82 69 75 74 80 78 79 71 76 70 67 65 63 77 68 84 83 81 62 28 30 16 5 7 86 25 50 35 87 72 4 15 29 73 23 88 56 94 96 97 95 6 13 17 27 22 18 12 3 89 100 93 99 9 19 31 61 2 14 8 10 92 85 91 90 1 98
geracao 195: 21 20 11 26 24 41 60 66 33 38 42 34 39 47 45 48 55 54 59 37 46 49 40 43 32 44 52 53 57 36 51 58 64 82 69 75 74 80 78 79 71 76 70 67 65 63 77 68 84 83 81 62 28 30 22 27 17 13 6 95 97 96 94 56 88 23 73 29 15 4 72 87 35 50 25 86 7 5 16 18 12 3 89 100 93 99 9 19 31 61 2 14 8 10 92 85 91 90 1 98
geracao 200: 21 20 11 26 24 41 60 66 34 42 38 33 39 47 45 48 55 54 59 37 46 49 40 43 32 44 52 53 57 36 51 58 64 82 69 75 74 80 78 79 71 76 70 67 65 63 77 68 84 83 81 62 28 30 22 27 17 13 6 95 97 96 94 56 88 23 73 29 15 4 72 87 35 50 25 86 7 5 16 18 12 3 89 100 93 99 9 19 31 61 2 14 8 10 92 85 91 90 1 98
geracao 207: 21 20 11 26 24 41 60 66 57 53 52 44 32 43 40 49 46 37 59 54 55 48 45 47 39 33 38 42 34 36 51 58 64 82 69 75 74 80 78 79 71 76 70 67 65 63 77 68 84 83 81 62 28 30 16 5 7 86 25 50 35 87 72 4 15 29 73 23 88 56 94 96 97 95 6 13 17 27 22 18 12 3 89 100 93 99 9 19 31 61 2 14 8 10 92 85 91 90 1 98
geracao 208: 21 20 11 26 24 41 60 66 57 53 52 44 32 43 40 49 46 37 59 54 55 48 45 47 39 33 38 42 34 36 51 58 64 82 69 75 74 80 78 79 71 76 70 67 65 63 77 68 84 83 81 62 28 30 22 27 17 13 6 95 97 96 94 56 88 23 73 29 15 4 72 87 35 50 25 86 7 5 16 18 12 3 89 100 93 99 9 19 31 61 2 14 8 10 92 85 91 90 1 98
geracao 212: 21 20 11 26 24 41 60 66 57 53 52 44 32 43 40 49 46 37 59 54 55 48 45 47 33 39 38 42 34 36 51 58 64 82 69 75 74 80 78 79 71 76 70 67 65 63 77 68 84 83 81 62 28 30 22 27 17 13 6 95 97 96 94 56 88 23 73 29 15 4 72 87 35 50 25 86 7 5 16 18 12 3 89 100 93 99 9 19 31 61 2 14 8 10 92 85 91 90 1 98
geracao 224: 21 20 11 26 24 41 60 66 57 53 52 44 32 43 40 49 46 37 59 54 55 48 45 47 33 39 38 42 34 36 51 58 64 82 69 75 74 80 78 79 71 76 70 67 65 63 77 68 84 83 81 62 28 30 22 27 17 13 6 95 97 96 94 56 88 23 73 29 15 4 72 87 35 50 25 86 7 5 16 18 12 98 1 90 91 85 92 10 8 14 2 61 31 19 9 99 93 100 89 3
geracao 236: 21 20 11 26 24 41 60 66 57 53 52 44 32 43 40 49 46 37 59 54 55 48 45 47 33 39 38 42 34 36 51 58 64 82 69 75 74 80 78 79 71 76 70 67 65 63 77 68 84 83 81 62 28 30 27 17 13 6 95 97 96 94 56 88 23 73 29 15 4 72 87 35 50 25 86 7 5 16 22 18 12 98 1 90 91 85 92 10 8 14 2 61 31 19 9 99 93 100 89 3
geracao 250: 21 20 11 26 24 41 60 66 57 53 52 44 32 43 40 49 46 37 59 54 55 48 45 47 33 39 38 42 34 36 51 58 64 82 69 75 74 80 78 79 71 76 70 67 65 63 77 68 84 83 81 62 28 30 27 18 22 16 5 7 86 25 50 35 87 72 4 15 29 73 23 88 56 94 96 97 95 6 13 17 12 98 1 90 91 85 92 10 8 14 2 61 31 19 9 99 93 100 89 3
geracao 256: 21 20 11 26 24 41 60 66 57 53 52 44 32 49 40 43 46 37 59 54 55 48 45 47 33 39 38 42 34 36 51 58 64 82 69 75 74 80 78 79 71 76 70 67 65 63 77 68 84 83 81 62 28 30 27 18 22 16 5 7 86 25 50 35 87 72 4 15 29 73 23 88 56 94 96 97 95 6 13 17 12 98 1 90 91 85 92 10 8 14 2 61 31 19 9 99 93 100 89 3
geracao 266: 21 20 11 26 24 41 60 66 57 53 52 44 32 49 40 43 46 37 59 54 55 48 45 47 33 39 38 42 34 36 51 58 64 82 69 75 74 80 78 79 71 76 70 67 65 63 77 68 84 83 81 62 28 30 27 18 22 16 7 5 86 25 50 35 87 72 4 15 29 73 23 88 56 94 96 97 95 6 13 17 12 98 1 90 91 85 92 10 8 14 2 61 31 19 9 99 93 100 89 3
geracao 270: 21 20 11 26 24 41 60 66 57 53 69 82 64 58 51 36 34 42 38 39 33 47 45 48 55 54 59 62 81 83 84 68 77 63 65 67 70 76 71 79 78 80 74 75 52 44 32 49 40 43 46 37 28 30 27 18 22 16 5 7 86 25 50 35 87 72 4 15 29 73 23 88 56 94 96 97 95 6 13 17 12 98 1 90 91 85 92 10 8 14 2 61 31 19 9 99 93 100 89 3
geracao 271: 21 20 11 26 24 41 60 66 57 53 69 82 64 58 51 36 34 42 38 39 33 47 45 48 55 54 59 62 81 83 84 68 77 63 65 67 70 76 71 79 78 80 74 75 52 44 32 49 40 43 46 37 28 30 27 18 22 16 7 5 86 25 50 35 87 72 4 15 29 73 23 88 56 94 96 97 95 6 13 17 12 98 1 90 91 85 92 10 8 14 2 61 31 19 9 99 93 100 89 3
geracao 286: 21 20 11 26 24 41 60 66 57 53 69 82 64 58 51 36 34 42 38 39 33 47 32 44 52 75 74 80 78 79 71 76 70 67 65 63 77 68 84 83 81 62 59 54 55 48 45 49 40 43 46 37 28 30 27 18 22 16 7 5 86 25 50 35 87 72 4 15 29 73 23 88 56 94 96 97 95 6 13 17 12 98 1 90 91 85 92 10 8 14 2 61 31 19 9 99 93 100 89 3
geracao 288: 21 20 11 26 24 41 60 66 57 53 69 82 64 58 51 36 34 42 38 39 33 47 45 48 55 54 59 62 81 83 84 68 77 63 65 67 70 76 71 79 78 80 74 75 52 44 32 49 40 43 46 37 28 30 27 18 22 16 7 5 86 25 50 35 87 72 4 15 29 23 73 88 56 94 96 97 95 6 13 17 12 98 1 90 91 85 92 10 8 14 2 61 31 19 9 99 93 100 89 3
geracao 289: 21 20 11 26 24 41 60 66 57 53 69 82 64 58 51 36 34 42 38 39 33 47 32 44 52 75 74 80 78 79 71 76 70 67 65 63 77 68 84 83 81 62 59 54 55 48 45 49 40 43 46 37 28 30 27 18 22 16 7 5 86 25 50 35 87 72 4 15 29 23 73 88 56 94 96 97 95 6 13 17 12 98 1 90 91 85 92 10 8 14 2 61 31 19 9 99 93 100 89 3
geracao 292: 21 20 11 26 24 41 60 66 57 53 69 82 64 58 51 36 34 42 38 39 33 32 44 52 75 74 80 78 79 71 76 70 67 65 63 77 68 84 83 81 62 59 54 55 48 47 45 49 40 43 46 37 28 30 27 18 22 16 7 5 86 25 50 35 87 72 4 15 29 23 73 88 56 94 96 97 95 6 13 17 12 98 1 90 91 85 92 10 8 14 2 61 31 19 9 99 93 100 89 3
geracao 317: 21 20 11 26 24 41 60 66 69 82 64 53 57 58 51 36 34 42 38 39 33 32 44 52 75 74 80 78 79 71 76 70 67 65 63 77 68 84 83 81 62 59 54 55 48 47 45 49 40 43 46 37 28 30 27 18 22 16 7 5 86 25 50 35 87 72 4 15 29 23 73 88 56 94 96 97 95 6 13 17 12 98 1 90 91 85 92 10 8 14 2 61 31 19 9 99 93 100 89 3
geracao 320: 21 20 11 26 24 41 60 66 69 82 64 53 57 58 51 36 34 42 38 39 33 32 44 52 75 74 80 78 79 71 76 70 67 65 63 77 68 84 83 81 62 59 54 55 48 47 45 49 40 43 46 37 30 27 28 18 22 16 7 5 86 25 50 35 87 72 2 14 8 10 92 85 91 90 100 89 93 99 9 19 31 61 4 15 29 23 73 88 56 94 96 97 95 6 13 17 12 98 1 3
geracao 327: 21 20 11 26 24 41 60 66 69 82 64 53 57 58 51 36 34 42 38 39 33 32 44 52 75 74 80 78 79 71 76 70 67 65 63 77 68 84 83 81 62 59 54 55 48 47 45 49 40 43 46 37 30 27 28 18 22 16 7 5 6 13 17 12 98 91 85 92 10 8 14 2 72 87 35 50 25 86 95 97 96 94 56 88 73 23 29 15 4 61 31 19 9 99 93 89 100 90 1 3
geracao 333: 21 20 11 26 24 41 60 66 69 82 64 53 57 58 51 36 34 42 38 39 33 32 44 52 75 74 80 78 79 71 76 70 67 65 63 77 68 84 83 81 62 59 54 55 48 47 45 49 40 43 46 37 30 27 28 18 22 16 7 5 6 13 17 12 98 91 85 19 31 61 4 15 29 23 73 88 56 94 96 97 95 86 25 50 35 87 72 2 14 8 10 92 9 99 93 89 100 90 1 3
geracao 337: 21 20 11 26 24 41 60 66 69 82 64 53 57 58 51 36 34 42 38 39 33 32 44 52 75 74 80 78 79 71 76 70 67 65 63 77 68 84 83 81 62 59 54 55 48 47 45 49 40 43 46 37 30 27 28 18 22 16 7 5 6 13 17 12 98 91 10 8 14 2 72 87 35 50 25 86 95 97 96 94 56 88 73 23 29 15 4 61 31 19 85 92 9 99 93 89 100 90 1 3
geracao 343: 21 20 11 26 24 41 60 66 69 82 64 53 57 58 51 36 34 42 38 39 33 32 44 52 75 74 80 78 79 71 76 70 67 65 63 77 68 84 83 81 62 59 54 55 48 47 45 49 40 43 46 37 30 27 28 18 22 16 7 5 6 13 17 12 98 91 10 8 14 2 93 99 9 92 85 19 31 61 4 15 29 23 73 88 56 94 96 97 95 86 25 50 35 87 72 89 100 90 1 3
geracao 346: 21 20 11 26 24 41 60 66 69 82 64 53 57 58 51 36 34 42 38 39 33 32 44 52 75 74 80 78 79 71 76 70 67 65 63 77 68 84 83 81 62 59 54 55 48 47 45 49 40 43 46 37 30 27 28 18 22 16 7 5 6 13 17 12 98 91 10 8 14 2 93 99 9 92 85 19 31 61 4 23 29 15 73 88 56 94 96 97 95 86 25 50 35 87 72 89 100 90 1 3
geracao 364: 21 20 11 26 24 41 60 66 69 82 64 53 57 58 51 36 34 42 38 39 33 32 44 52 75 74 80 78 79 71 76 70 67 65 63 77 68 84 83 81 62 59 54 55 48 47 45 49 40 43 46 37 30 27 28 18 22 16 7 5 6 13 17 12 98 91 10 8 14 2 99 93 9 92 85 19 31 61 4 23 29 15 73 88 56 94 96 97 95 86 25 50 35 87 72 89 100 90 1 3
geracao 367: 21 20 11 26 24 41 60 66 69 82 64 53 57 58 51 36 34 42 38 39 33 32 44 52 75 74 80 78 79 71 76 70 67 65 63 77 68 84 83 81 62 59 54 55 48 47 45 49 40 43 46 37 30 27 28 18 22 16 7 5 6 13 17 12 98 91 10 8 14 2 93 89 72 87 35 50 25 86 95 97 96 94 56 88 73 15 29 23 4 61 31 19 85 92 99 9 100 90 1 3
geracao 373: 21 20 11 26 24 41 60 66 69 82 64 53 57 58 51 36 34 42 38 39 33 32 44 52 75 74 80 78 79 71 76 70 67 65 63 77 68 84 83 81 62 59 54 55 48 47 45 49 40 43 46 37 30 27 28 18 22 16 7 5 6 13 17 12 98 91 10 8 14 2 99 92 85 19 31 61 4 23 29 15 73 88 56 94 96 97 95 86 25 50 35 87 72 89 93 9 100 90 1 3
geracao 380: 21 20 11 24 26 41 60 66 69 82 64 53 57 58 51 36 34 42 38 39 33 32 44 52 75 74 80 78 79 71 76 70 67 65 63 77 68 84 83 81 62 59 54 55 48 47 45 49 40 43 46 37 30 27 28 18 22 16 7 5 6 13 17 12 98 91 10 8 14 2 93 89 72 87 35 50 25 86 95 97 96 94 56 88 73 15 29 23 4 61 31 19 85 92 99 9 100 90 1 3
geracao 387: 21 20 11 24 26 41 60 66 69 82 64 53 57 58 51 36 34 42 38 39 33 32 44 52 75 74 80 78 79 71 76 70 67 65 63 77 68 84 83 81 62 59 54 55 48 47 45 49 40 43 46 37 30 27 28 18 22 16 7 5 6 13 17 12 98 91 10 8 14 2 99 92 85 19 31 61 4 23 29 15 73 88 56 94 96 97 95 86 25 50 35 87 72 89 93 9 100 90 1 3
geracao 392: 21 20 11 24 26 41 32 33 39 38 42 34 36 51 58 57 53 64 82 69 66 60 44 52 75 74 80 78 79 71 76 70 67 65 63 77 68 84 83 81 62 59 54 55 48 47 45 49 40 43 46 37 30 27 28 18 22 16 7 5 6 13 17 12 98 91 10 8 14 2 99 92 85 19 31 61 4 23 29 15 73 88 56 94 96 97 95 86 25 50 35 87 72 89 93 9 100 90 1 3
geracao 398: 21 20 11 24 26 41 33 32 39 38 42 34 36 51 58 57 53 64 82 69 66 60 44 52 75 74 80 78 79 71 76 70 67 65 63 77 68 84 83 81 62 59 54 55 48 47 45 49 40 43 46 37 30 27 28 18 22 16 7 5 6 13 17 12 98 91 10 8 14 2 99 92 85 19 31 61 4 23 29 15 73 88 56 94 96 97 95 86 25 50 35 87 72 89 93 9 100 90 1 3
geracao 445: 21 20 11 24 26 41 33 32 39 38 42 34 36 51 58 57 53 64 82 69 66 60 44 52 75 74 80 78 79 71 76 70 67 65 63 77 68 84 83 81 62 59 54 55 48 47 45 49 40 46 43 37 30 27 28 18 22 16 7 5 6 13 17 12 98 91 10 8 14 2 99 92 85 19 31 61 4 23 29 15 73 88 56 94 96 97 95 86 25 50 35 87 72 89 93 9 100 90 1 3
geracao 450: 21 20 11 24 26 41 33 32 39 38 42 34 36 51 58 57 53 64 69 82 66 60 44 52 75 74 80 78 79 71 76 70 67 65 63 77 68 84 83 81 62 59 54 55 48 47 45 49 40 46 43 37 30 27 28 18 22 16 7 5 6 13 17 12 98 91 10 8 14 2 99 92 85 19 31 61 4 23 29 15 73 88 56 94 96 97 95 86 25 50 35 87 72 89 93 9 100 90 1 3
geracao 493: 21 20 11 24 26 41 33 32 39 38 42 34 36 51 58 57 53 64 69 82 52 44 60 66 75 74 80 78 79 71 76 70 67 65 63 77 68 84 83 81 62 59 54 55 48 47 45 49 40 46 43 37 30 27 28 18 22 16 7 5 6 13 17 12 98 91 10 8 14 2 99 92 85 19 31 61 4 23 29 15 73 88 56 94 96 97 95 86 25 50 35 87 72 89 93 9 100 90 1 3
geracao 494: 21 20 11 24 26 41 33 32 39 38 42 34 36 51 58 57 53 64 69 82 52 44 60 66 75 74 80 78 79 71 76 70 67 65 63 77 68 84 83 81 62 59 54 55 48 47 45 49 40 46 43 37 30 27 28 18 22 16 7 5 6 13 17 12 98 91 10 8 14 2 99 92 85 19 31 61 4 35 50 25 86 95 97 96 94 56 88 73 15 29 23 87 72 89 93 9 100 90 1 3
geracao 507: 21 20 11 24 26 41 33 32 39 38 42 34 36 51 58 57 53 64 69 82 52 44 60 66 75 74 80 78 79 71 76 70 67 65 63 77 68 84 83 81 62 59 54 55 48 47 45 49 40 46 43 37 30 27 28 18 22 16 17 13 6 5 7 12 98 91 10 8 14 2 99 92 85 19 31 61 4 35 50 25 86 95 97 96 94 56 88 73 15 29 23 87 72 89 93 9 100 90 1 3
geracao 521: 21 20 11 24 26 41 33 32 39 38 42 34 36 51 58 57 53 64 69 82 52 44 60 66 75 74 80 78 79 71 76 70 67 65 63 77 68 84 83 81 62 59 54 55 48 47 45 49 40 46 43 37 30 27 28 18 22 16 17 13 6 5 7 12 98 91 10 8 14 2 99 92 85 19 31 61 4 87 23 29 15 73 88 56 94 96 97 95 86 25 50 35 72 89 93 9 100 90 1 3
geracao 536: 21 20 11 24 26 41 33 32 39 38 42 34 36 51 58 52 82 69 64 53 57 44 60 66 75 74 80 78 79 71 76 70 67 65 63 77 68 84 83 81 62 59 54 55 48 47 45 49 40 46 43 37 30 27 28 18 22 16 17 13 6 5 7 12 98 91 10 8 14 2 99 92 85 19 31 61 4 87 23 29 15 73 88 56 94 96 97 95 86 25 50 35 72 89 93 9 100 90 1 3
geracao 538: 21 20 11 24 26 41 33 32 39 38 42 34 36 51 58 57 53 64 69 82 52 44 60 66 75 74 80 78 79 71 76 70 67 65 63 77 68 84 83 81 62 59 54 55 48 47 45 49 40 46 43 37 30 27 28 18 22 16 17 13 6 96 94 95 97 5 7 12 98 91 93 89 72 35 50 25 86 56 88 73 15 29 23 87 4 61 31 19 85 92 99 2 14 8 10 9 100 90 1 3
geracao 541: 21 20 11 24 26 41 33 32 39 38 42 34 36 51 58 52 82 69 64 53 57 44 60 66 75 74 80 78 79 71 76 70 67 65 63 77 68 84 83 81 62 59 54 55 48 47 45 49 40 46 43 37 30 27 28 18 22 16 17 13 6 96 94 95 97 5 7 12 98 91 93 89 72 35 50 25 86 56 88 73 15 29 23 87 4 61 31 19 85 92 99 2 14 8 10 9 100 90 1 3
geracao 542: 21 20 11 24 26 41 33 32 39 38 42 34 36 51 58 52 82 69 64 53 57 44 60 66 75 74 80 78 79 71 76 70 67 65 63 77 68 84 83 81 62 59 54 55 48 47 45 49 40 46 43 37 30 27 28 18 22 16 17 13 6 5 7 12 98 91 93 89 72 35 50 25 86 95 97 96 94 56 88 73 15 29 23 87 4 61 31 19 85 92 99 2 14 8 10 9 100 90 1 3
geracao 547: 21 20 11 24 26 41 33 32 39 38 42 34 36 51 58 57 82 69 64 53 52 44 60 66 75 74 80 78 79 71 76 70 67 65 63 77 68 84 83 81 62 59 54 55 48 47 45 49 40 46 43 37 30 27 28 18 22 16 17 13 6 5 7 12 98 91 93 89 72 35 50 25 86 95 97 96 94 56 88 73 15 29 23 87 4 61 31 19 85 92 99 2 14 8 10 9 100 90 1 3
geracao 565: 21 20 11 24 26 41 33 32 39 38 42 34 36 51 58 57 82 69 64 53 52 44 60 66 75 74 80 78 79 71 76 70 67 65 63 77 68 84 83 81 62 59 54 55 48 47 45 49 40 46 43 37 30 27 28 18 22 16 17 13 6 5 7 12 98 91 93 89 72 15 73 88 56 94 96 97 95 86 25 50 35 29 23 87 4 61 31 19 85 92 99 2 14 8 10 9 100 90 1 3
geracao 568: 21 20 11 24 26 41 33 32 39 38 42 34 36 51 58 57 82 69 64 53 52 44 60 66 75 74 80 78 79 71 76 70 67 65 63 77 68 84 83 81 62 59 54 55 48 47 45 49 40 46 43 37 30 27 28 18 22 16 17 13 6 5 7 12 98 91 93 89 72 15 73 88 56 90 100 9 10 8 14 2 99 92 85 19 31 61 4 87 23 29 35 50 25 86 95 97 96 94 1 3
geracao 570: 21 20 11 24 26 41 33 32 39 38 42 34 36 51 58 57 82 69 64 53 52 44 60 66 75 74 80 78 79 71 76 70 67 65 63 77 68 84 83 81 62 59 54 55 48 47 45 49 40 46 43 37 30 27 28 18 22 16 17 13 6 5 7 12 98 91 93 89 72 15 73 88 56 90 100 3 1 94 96 97 95 86 25 50 35 29 23 87 4 61 31 19 85 92 99 2 14 8 10 9
geracao 572: 21 20 11 24 26 41 33 32 39 38 42 34 36 51 58 57 82 69 64 53 52 44 60 66 75 74 80 78 79 71 76 70 67 65 63 77 68 84 83 81 62 59 54 55 48 47 45 49 40 46 43 37 30 27 28 18 22 16 17 13 6 5 7 12 98 91 93 89 72 15 73 88 56 90 94 96 97 95 86 25 50 35 29 23 87 4 61 31 19 85 92 99 2 14 8 10 9 100 1 3
geracao 626: 21 20 11 24 26 41 33 32 39 38 42 34 36 51 58 57 82 69 64 53 52 44 60 66 75 74 80 78 79 71 76 70 67 65 63 77 68 84 83 81 62 59 54 55 48 47 45 49 40 46 43 37 30 27 28 18 22 16 17 13 6 5 7 12 98 91 93 89 72 15 73 88 56 50 25 86 95 97 96 94 90 35 29 23 87 4 61 31 19 85 92 99 2 14 8 10 9 100 1 3
geracao 631: 21 20 11 24 26 41 33 32 39 38 42 34 36 51 58 57 82 69 64 53 52 44 60 66 71 79 78 80 74 75 76 70 67 65 63 77 68 84 83 81 62 59 54 55 48 47 45 49 40 46 43 37 30 27 28 18 22 16 17 13 6 5 7 12 98 91 93 89 72 15 73 88 56 50 25 86 95 97 96 94 90 35 29 23 87 4 61 31 19 85 92 99 2 14 8 10 9 100 1 3
geracao 660: 21 20 11 24 26 41 33 32 39 38 42 34 36 51 58 57 82 69 64 53 52 44 60 66 71 79 78 80 74 75 76 70 67 65 62 81 83 84 68 77 63 59 54 55 48 47 45 49 40 46 43 37 30 27 28 18 22 16 17 13 6 5 7 12 98 91 93 89 72 15 73 88 56 50 25 86 95 97 96 94 90 35 29 23 87 4 61 31 19 85 92 99 2 14 8 10 9 100 1 3
geracao 666: 21 20 11 24 26 41 33 32 39 38 42 34 36 51 58 57 82 69 64 53 52 44 60 66 71 79 78 80 74 75 76 70 77 68 84 83 81 62 65 67 63 59 54 55 48 47 45 49 40 46 43 37 30 27 28 18 22 16 17 13 6 5 7 12 98 91 93 89 72 15 73 88 56 50 25 86 95 97 96 94 90 35 29 23 87 4 61 31 19 85 92 99 2 14 8 10 9 100 1 3
geracao 675: 21 20 11 24 26 41 33 32 39 38 42 34 36 51 58 57 66 60 44 52 53 64 69 82 71 79 78 80 74 75 76 70 77 68 84 83 81 62 65 67 63 59 54 55 48 47 45 49 40 46 43 37 30 27 28 18 22 16 17 13 6 5 7 12 98 91 93 89 72 15 73 88 56 50 25 86 95 97 96 94 90 35 29 23 87 4 61 31 19 85 92 99 2 14 8 10 9 100 1 3
geracao 694: 11 20 21 24 26 41 33 32 39 38 42 34 36 51 58 57 66 60 44 52 53 64 69 82 71 79 78 80 74 75 76 70 77 68 84 83 81 62 65 67 63 59 54 55 48 47 45 49 40 46 43 37 30 27 28 18 22 16 17 13 6 5 7 12 98 91 93 92 85 19 31 61 4 87 23 29 35 90 94 96 97 95 86 25 50 56 88 73 15 72 89 99 2 14 8 10 9 100 1 3
geracao 696: 11 20 21 24 26 41 33 32 39 38 42 34 36 51 58 57 66 60 44 52 53 64 69 82 71 79 78 80 74 75 76 70 77 68 84 83 81 62 65 67 63 59 54 55 48 47 45 49 40 46 43 37 30 27 28 18 22 16 17 13 6 5 7 12 98 91 93 89 72 15 73 88 56 50 25 86 95 97 96 94 90 35 29 23 87 4 61 31 19 85 92 99 2 14 8 10 9 100 1 3
geracao 758: 11 20 21 24 26 41 33 32 39 38 42 34 36 51 58 57 66 60 44 52 53 64 69 82 71 79 78 80 74 75 76 70 77 68 84 83 81 62 65 67 63 59 54 55 48 47 45 49 40 46 43 37 30 27 28 18 22 16 17 13 6 5 7 12 98 91 93 89 72 15 73 88 50 56 25 86 95 97 96 94 90 35 29 23 87 4 61 31 19 85 92 99 2 14 8 10 9 100 1 3
geracao 791: 11 20 21 24 26 41 33 32 39 38 42 34 36 51 58 57 66 60 44 52 53 64 69 82 71 79 78 80 74 75 76 70 77 68 84 83 81 62 65 67 63 59 54 55 48 47 45 49 40 46 43 37 30 27 28 22 18 16 17 13 6 5 7 12 98 91 93 89 72 15 73 88 50 56 25 86 95 97 96 94 90 35 29 23 87 4 61 31 19 85 92 99 2 14 8 10 9 100 1 3
geracao 793: 11 20 21 24 26 41 33 32 39 38 42 34 36 51 58 57 66 60 44 52 53 64 69 82 71 79 78 80 74 75 76 70 77 68 84 83 81 62 65 67 63 59 54 55 48 47 45 49 40 46 43 37 30 27 28 22 18 16 17 13 6 5 7 12 98 91 93 89 72 15 73 88 50 56 25 86 95 97 96 94 90 35 29 23 87 4 19 31 61 85 92 99 2 14 8 10 9 100 1 3
geracao 855: 11 20 21 24 26 41 33 32 39 38 42 34 36 51 58 57 66 60 44 52 53 64 69 82 78 79 71 80 74 75 76 70 77 68 84 83 81 62 65 67 63 59 54 55 48 47 45 49 40 46 43 37 30 27 28 22 18 16 17 13 6 5 7 12 98 91 93 89 72 15 73 88 50 56 25 86 95 97 96 94 90 35 29 23 87 4 19 31 61 85 92 99 2 14 8 10 9 100 1 3
geracao 908: 11 20 21 24 26 41 33 32 39 38 42 34 36 51 58 57 66 60 44 52 53 64 69 82 78 79 71 80 74 75 76 70 77 68 84 83 81 62 65 67 63 59 54 55 48 47 45 49 40 46 43 37 30 27 28 22 18 16 17 13 6 5 7 12 98 91 93 89 72 15 73 88 50 56 25 86 95 97 96 94 90 35 29 87 23 4 19 31 61 85 92 99 2 14 8 10 9 100 1 3
geracao 913: 11 20 21 24 26 41 33 32 39 38 42 34 36 51 58 57 66 60 44 52 53 64 69 82 78 79 71 80 74 75 76 70 77 68 84 83 81 67 65 62 63 59 54 55 48 47 45 49 40 46 43 37 30 27 28 22 18 16 17 13 6 5 7 12 98 91 93 89 72 15 73 88 50 56 25 86 95 97 96 94 90 35 29 87 23 4 19 31 61 85 92 99 2 14 8 10 9 100 1 3
geracao 974: 11 20 21 24 26 41 33 32 39 38 42 34 36 51 58 57 66 60 44 52 53 64 69 82 78 79 71 80 74 75 76 70 77 68 84 83 81 67 65 62 63 59 54 55 48 47 45 49 40 46 43 37 30 27 28 22 18 17 16 13 6 5 7 12 98 91 93 89 72 15 73 88 50 56 25 86 95 97 96 94 90 35 29 87 23 4 19 31 61 85 92 99 2 14 8 10 9 100 1 3
geracao 981: 11 20 21 24 26 41 33 32 39 60 66 57 58 51 36 34 42 38 44 52 53 64 69 82 78 79 71 80 74 75 76 70 77 68 84 83 81 67 65 62 63 59 54 55 48 47 45 49 40 46 43 37 30 27 28 22 18 17 16 13 6 5 7 12 98 91 93 89 72 15 73 88 50 56 25 86 95 97 96 94 90 35 29 87 23 4 19 31 61 85 92 99 2 14 8 10 9 100 1 3
geracao 1003: 11 20 21 24 26 41 33 32 39 60 66 57 58 51 36 34 42 38 44 52 53 64 69 82 78 79 71 80 74 75 76 70 77 68 84 83 81 67 65 62 63 59 54 55 48 47 45 40 49 46 43 37 30 27 28 22 18 17 16 13 6 5 7 12 98 91 93 89 72 15 73 88 50 56 25 86 95 97 96 94 90 35 29 87 23 4 19 31 61 85 92 99 2 14 8 10 9 100 1 3
geracao 1015: 11 20 21 24 26 32 33 41 39 60 66 57 58 51 36 34 42 38 44 52 53 64 69 82 78 79 71 80 74 75 76 70 77 68 84 83 81 67 65 62 63 59 54 55 48 47 45 40 49 46 43 37 30 27 28 22 18 17 16 13 6 5 7 12 98 91 93 89 72 15 73 88 50 56 25 86 95 97 96 94 90 35 29 87 23 4 19 31 61 85 92 99 2 14 8 10 9 100 1 3
geracao 1066: 11 20 21 24 26 32 33 41 39 60 66 57 58 51 36 34 42 38 44 52 53 64 69 82 78 79 71 80 74 75 76 70 77 68 84 83 81 67 65 62 63 59 54 55 48 47 45 40 49 46 43 37 30 27 28 22 18 17 16 13 6 5 7 12 98 91 93 89 72 15 73 90 94 96 97 95 86 25 56 50 88 35 29 87 23 4 19 31 61 85 92 99 2 14 8 10 9 100 1 3
geracao 1082: 11 20 21 24 26 32 33 41 39 38 44 60 66 57 58 51 36 34 42 52 53 64 69 82 78 79 71 80 74 75 76 70 77 68 84 83 81 67 65 62 63 59 54 55 48 47 45 40 49 46 43 37 30 27 28 22 18 17 16 13 6 5 7 12 98 91 93 89 72 15 73 90 94 96 97 95 86 25 56 50 88 35 29 87 23 4 19 31 61 85 92 99 2 14 8 10 9 100 1 3
geracao 1228: 11 20 21 24 26 32 33 41 39 38 44 60 66 57 58 51 36 34 42 52 53 64 69 82 78 79 71 74 80 75 76 70 77 68 84 83 81 67 65 62 63 59 54 55 48 47 45 40 49 46 43 37 30 27 28 22 18 17 16 13 6 5 7 12 98 91 93 89 72 15 73 90 94 96 97 95 86 25 56 50 88 35 29 87 23 4 19 31 61 85 92 99 2 14 8 10 9 100 1 3
geracao 1281: 11 20 21 24 26 32 33 41 39 38 44 60 66 57 58 51 36 34 42 52 53 64 69 82 78 79 71 74 80 75 76 70 77 68 84 83 81 67 65 62 63 59 54 55 48 47 45 40 49 46 43 37 30 27 28 22 18 17 16 13 6 5 7 12 98 91 93 89 72 15 73 90 94 96 97 95 86 25 56 50 88 35 29 87 4 23 19 31 61 85 92 99 2 14 8 10 9 100 1 3
geracao 1306: 11 20 21 24 26 32 33 41 39 38 44 60 66 57 58 51 34 36 42 52 53 64 69 82 78 79 71 74 80 75 76 70 77 68 84 83 81 67 65 62 63 59 54 55 48 47 45 40 49 46 43 37 30 27 28 22 18 17 16 13 6 5 7 12 98 91 93 89 72 15 73 90 94 96 97 95 86 25 56 50 88 35 29 87 4 23 19 31 61 85 92 99 2 14 8 10 9 100 1 3
geracao 1392: 11 20 21 24 26 32 33 41 39 38 44 60 66 57 58 51 34 36 42 52 53 64 69 82 78 79 71 74 80 75 76 70 77 68 84 83 81 67 65 62 63 59 54 55 48 47 45 40 49 46 43 37 30 27 28 22 18 17 16 13 6 5 7 12 91 93 89 72 15 73 90 94 96 97 95 86 25 56 50 88 35 29 87 4 23 19 31 61 85 92 99 2 14 8 10 9 98 100 1 3
geracao 1398: 44 60 66 57 58 51 34 36 42 52 53 64 69 82 78 79 71 74 80 75 76 70 77 68 84 83 81 67 65 62 63 59 54 55 48 47 45 40 49 46 43 37 30 27 28 22 18 17 16 13 6 5 7 12 91 93 89 72 15 73 90 94 96 97 95 86 25 56 50 88 35 29 87 4 23 19 31 61 85 92 99 2 14 8 10 9 98 100 1 3 11 20 21 24 26 32 33 41 39 38
geracao 1464: 44 60 66 57 58 51 34 36 42 52 53 64 69 82 78 79 71 74 80 75 76 81 83 84 68 77 70 67 65 62 63 59 54 55 48 47 45 40 49 46 43 37 30 27 28 22 18 17 16 13 6 5 7 12 91 93 89 72 15 73 90 94 96 97 95 86 25 56 50 88 35 29 87 4 23 19 31 61 85 92 99 2 14 8 10 9 98 100 1 3 11 20 21 24 26 32 33 41 39 38
geracao 1486: 38 60 66 57 58 51 34 36 42 52 53 64 69 82 78 79 71 74 80 75 76 81 83 84 68 77 70 67 65 62 63 59 54 55 48 47 45 40 49 46 43 37 30 27 28 22 18 17 16 13 6 5 7 12 91 93 89 72 15 73 90 94 96 97 95 86 25 56 50 88 35 29 87 4 23 19 31 61 85 92 99 2 14 8 10 9 98 100 1 3 11 20 21 24 26 32 33 41 39 44
geracao 1582: 38 60 66 57 58 51 34 36 42 52 53 64 69 82 78 79 71 74 80 75 76 84 83 81 68 77 70 67 65 62 63 59 54 55 48 47 45 40 49 46 43 37 30 27 28 22 18 17 16 13 6 5 7 12 91 93 89 72 15 73 90 94 96 97 95 86 25 56 50 88 35 29 87 4 23 19 31 61 85 92 99 2 14 8 10 9 98 100 1 3 11 20 21 24 26 32 33 41 39 44
geracao 1596: 38 66 60 57 58 51 34 36 42 52 53 64 69 82 78 79 71 74 80 75 76 84 83 81 68 77 70 67 65 62 63 59 54 55 48 47 45 40 49 46 43 37 30 27 28 22 18 17 16 13 6 5 7 12 91 93 89 72 15 73 90 94 96 97 95 86 25 56 50 88 35 29 87 4 23 19 31 61 85 92 99 2 14 8 10 9 98 100 1 3 11 20 21 24 26 32 33 41 39 44
geracao 1642: 38 60 57 58 51 34 36 42 52 53 64 69 82 78 79 71 74 80 75 76 66 84 83 81 68 77 70 67 65 62 63 59 54 55 48 47 45 40 49 46 43 37 30 27 28 22 18 17 16 13 6 5 7 12 91 93 89 72 15 73 90 94 96 97 95 86 25 56 50 88 35 29 87 4 23 19 31 61 85 92 99 2 14 8 10 9 98 100 1 3 11 20 21 24 26 32 33 41 39 44
geracao 1643: 38 60 57 58 51 34 36 42 52 53 64 69 82 78 79 71 66 74 80 75 76 84 83 81 68 77 70 67 65 62 63 55 54 59 48 47 45 40 49 46 43 37 30 27 28 22 18 17 16 13 6 5 7 12 91 93 89 72 15 73 90 94 96 97 95 86 25 56 50 88 35 29 87 4 23 19 31 61 85 92 99 2 14 8 10 9 98 100 1 3 11 20 21 24 26 32 33 41 39 44
geracao 1644: 38 60 57 58 51 34 36 42 52 53 64 69 82 78 79 71 66 74 80 75 76 84 83 81 68 77 70 67 65 62 63 59 54 55 48 47 45 40 49 46 43 37 30 27 28 22 18 17 16 13 6 5 7 12 91 93 89 72 15 73 90 94 96 97 95 86 25 56 50 88 35 29 87 4 23 19 31 61 85 92 99 2 14 8 10 9 98 100 1 3 11 20 21 24 26 32 33 41 39 44
geracao 1662: 38 57 60 58 51 34 36 42 52 53 64 69 82 78 79 71 66 74 80 75 76 84 83 81 68 77 70 67 65 62 63 59 54 55 48 47 45 40 49 46 43 37 30 27 28 22 18 17 16 13 6 5 7 12 91 93 89 72 15 73 90 94 96 97 95 86 25 56 50 88 35 29 87 4 23 19 31 61 85 92 99 2 14 8 10 9 98 100 1 3 11 20 21 24 26 32 33 41 39 44
geracao 1779: 38 57 60 58 52 42 36 34 51 53 64 69 82 78 79 71 66 74 80 75 76 84 83 81 68 77 70 67 65 62 63 59 54 55 48 47 45 40 49 46 43 37 30 27 28 22 18 17 16 13 6 5 7 12 91 93 89 72 15 73 90 94 96 97 95 86 25 56 50 88 35 29 87 4 23 19 31 61 85 92 99 2 14 8 10 9 98 100 1 3 11 20 21 24 26 32 33 41 39 44
geracao 1881: 38 57 60 58 52 42 36 34 51 53 64 69 66 71 79 78 82 74 80 75 76 84 83 81 68 77 70 67 65 62 63 59 54 55 48 47 45 40 49 46 43 37 30 27 28 22 18 17 16 13 6 5 7 12 91 93 89 72 15 73 90 94 96 97 95 86 25 56 50 88 35 29 87 4 23 19 31 61 85 92 99 2 14 8 10 9 98 100 1 3 11 20 21 24 26 32 33 41 39 44
geracao 1958: 38 57 60 58 52 42 36 34 51 53 64 69 66 80 74 82 78 79 71 75 76 84 83 81 68 77 70 67 65 62 63 59 54 55 48 47 45 40 49 46 43 37 30 27 28 22 18 17 16 13 6 5 7 12 91 93 89 72 15 73 90 94 96 97 95 86 25 56 50 88 35 29 87 4 23 19 31 61 85 92 99 2 14 8 10 9 98 100 1 3 11 20 21 24 26 32 33 41 39 44
geracao 2008: 38 57 60 58 52 42 36 34 51 53 64 69 66 80 74 82 78 79 71 75 76 84 83 81 68 77 70 67 65 62 63 59 54 55 48 47 45 40 49 46 43 37 30 27 28 22 18 17 16 13 6 5 7 12 91 93 89 72 15 73 50 56 25 86 95 97 96 94 90 88 35 29 87 4 23 19 31 61 85 92 99 2 14 8 10 9 98 100 1 3 11 20 21 24 26 32 33 41 39 44
geracao 2210: 38 57 60 58 52 42 36 34 51 53 64 69 66 80 74 82 78 79 71 75 76 84 83 81 68 77 70 67 65 62 63 59 54 55 48 47 45 40 49 46 43 37 30 27 28 22 18 17 16 13 6 5 7 12 91 93 89 72 15 73 50 56 25 86 95 97 96 94 90 88 35 29 87 4 23 19 31 61 85 92 99 2 8 14 10 9 98 100 1 3 11 20 21 24 26 32 33 41 39 44
geracao 2211: 38 57 60 58 52 42 36 34 51 53 64 69 66 74 80 82 78 79 71 75 76 84 83 81 68 77 70 67 65 62 63 59 54 55 48 47 45 40 49 46 43 37 30 27 28 22 18 17 16 13 6 5 7 12 91 93 89 72 15 73 50 56 25 86 95 97 96 94 90 88 35 29 87 4 23 19 31 61 85 92 99 2 8 14 10 9 98 100 1 3 11 20 21 24 26 32 33 41 39 44
geracao 2246: 38 57 60 58 52 42 36 34 51 53 64 66 69 74 80 82 78 79 71 75 76 84 83 81 68 77 70 67 65 62 63 59 54 55 48 47 45 40 49 46 43 37 30 27 28 22 18 17 16 13 6 5 7 12 91 93 89 72 15 73 50 56 25 86 95 97 96 94 90 88 35 29 87 4 23 19 31 61 85 92 99 2 8 14 10 9 98 100 1 3 11 20 21 24 26 32 33 41 39 44
geracao 2280: 38 57 60 58 52 42 36 34 51 53 64 66 69 74 80 82 78 79 71 75 76 84 83 81 70 77 68 67 65 62 63 59 54 55 48 47 45 40 49 46 43 37 30 27 28 22 18 17 16 13 6 5 7 12 91 93 89 72 15 73 50 56 25 86 95 97 96 94 90 88 35 29 87 4 23 19 31 61 85 92 99 2 8 14 10 9 98 100 1 3 11 20 21 24 26 32 33 41 39 44
geracao 2659: 38 57 60 66 64 53 51 34 36 42 52 58 69 74 80 82 78 79 71 75 76 84 83 81 70 77 68 67 65 62 63 59 54 55 48 47 45 40 49 46 43 37 30 27 28 22 18 17 16 13 6 5 7 12 91 93 89 72 15 73 50 56 25 86 95 97 96 94 90 88 35 29 87 4 23 19 31 61 85 92 99 2 8 14 10 9 98 100 1 3 11 20 21 24 26 32 33 41 39 44
geracao 2752: 38 57 60 66 64 53 51 34 36 42 52 58 69 74 80 82 78 79 71 75 76 84 83 81 70 77 68 67 65 62 63 59 54 55 48 47 45 40 49 46 43 37 30 27 28 22 18 17 16 13 6 5 7 12 91 93 89 72 15 73 50 56 25 86 95 97 96 94 90 88 35 29 87 4 23 19 31 61 85 92 99 2 8 14 10 9 1 100 98 3 11 20 21 24 26 32 33 41 39 44
geracao 2760: 38 57 60 66 64 53 51 34 36 42 52 58 69 74 80 82 78 79 71 75 76 84 83 81 70 77 68 67 65 62 63 59 55 54 48 47 45 40 49 46 43 37 30 27 28 22 18 17 16 13 6 5 7 12 91 93 89 72 15 73 50 56 25 86 95 97 96 94 90 88 35 29 87 4 23 19 31 61 85 92 99 2 8 14 10 9 1 100 98 3 11 20 21 24 26 32 33 41 39 44
geracao 2956: 38 57 60 66 58 52 42 36 34 51 53 64 69 74 80 82 78 79 71 75 76 84 83 81 70 77 68 67 65 62 63 59 55 54 48 47 45 40 49 46 43 37 30 27 28 22 18 17 16 13 6 5 7 12 91 93 89 72 15 73 50 56 25 86 95 97 96 94 90 88 35 29 87 4 23 19 31 61 85 92 99 2 8 14 10 9 1 100 98 3 11 20 21 24 26 32 33 41 39 44
geracao 3370: 38 57 60 66 58 52 42 36 34 51 53 64 69 74 80 82 78 79 71 75 76 84 83 81 70 77 68 67 65 62 63 59 55 54 48 47 45 40 49 46 43 37 30 27 28 22 18 17 16 13 6 5 7 12 94 96 97 95 86 25 56 50 73 15 72 89 93 91 90 88 35 29 87 4 23 19 31 61 85 92 99 2 8 14 10 9 1 100 98 3 11 20 21 24 26 32 33 41 39 44
geracao 3400: 38 57 60 66 58 52 42 36 34 51 53 64 69 74 80 82 78 79 71 75 76 84 83 81 70 77 68 67 65 62 63 59 55 54 48 47 45 40 49 46 43 37 30 27 28 22 18 17 16 13 6 5 7 12 94 96 97 95 86 25 56 50 88 90 91 93 89 72 15 73 35 29 87 4 23 19 31 61 85 92 99 2 8 14 10 9 1 100 98 3 11 20 21 24 26 32 33 41 39 44
geracao 3596: 38 57 60 66 58 52 42 36 34 51 53 64 69 74 80 82 78 79 71 75 76 84 83 81 70 77 68 67 65 62 63 59 55 54 48 47 45 40 49 46 43 37 30 27 28 22 18 17 16 13 6 5 7 12 94 96 97 95 86 25 56 50 88 90 91 98 100 1 9 10 14 8 2 99 92 85 61 31 19 23 4 87 29 35 73 15 72 89 93 3 11 20 21 24 26 32 33 41 39 44
geracao 3675: 38 57 60 66 58 52 42 36 34 51 53 64 69 74 80 82 78 79 71 75 76 84 83 81 70 77 68 67 65 62 63 59 55 54 48 47 45 40 49 46 43 37 30 27 28 22 18 17 16 13 6 5 7 12 94 96 97 95 86 25 56 50 88 90 91 98 100 1 3 93 89 72 15 73 35 29 87 4 23 19 31 61 85 92 99 2 8 14 10 9 11 20 21 24 26 32 33 41 39 44
geracao 3735: 38 57 60 66 58 52 42 36 34 51 53 64 69 74 80 82 78 79 71 75 76 68 77 70 81 83 84 67 65 62 63 59 55 54 48 47 45 40 49 46 43 37 30 27 28 22 18 17 16 13 6 5 7 12 94 96 97 95 86 25 56 50 88 90 91 98 100 1 3 93 89 72 15 73 35 29 87 4 23 19 31 61 85 92 99 2 8 14 10 9 11 20 21 24 26 32 33 41 39 44
geracao 3994: 38 57 60 66 58 52 42 36 34 51 53 64 69 74 80 82 78 79 71 75 76 68 77 70 81 83 84 67 65 62 63 59 55 54 48 47 45 40 49 46 43 37 30 27 28 22 18 17 16 13 6 5 7 12 94 96 97 95 86 25 56 50 88 90 91 98 100 1 3 93 89 72 15 73 35 29 4 87 23 19 31 61 85 92 99 2 8 14 10 9 11 20 21 24 26 32 33 41 39 44
geracao 4100: 38 57 60 66 58 52 42 36 34 51 53 64 69 74 80 82 78 79 71 75 76 68 77 84 83 81 70 67 65 62 63 59 55 54 48 47 45 40 49 46 43 37 30 27 28 22 18 17 16 13 6 5 7 12 94 96 97 95 86 25 56 50 88 90 91 98 100 1 3 93 89 72 15 73 35 29 4 87 23 19 31 61 85 92 99 2 8 14 10 9 11 20 21 24 26 32 33 41 39 44
geracao 4346: 38 57 60 66 58 52 42 36 34 51 53 64 69 74 80 82 78 79 71 75 76 68 77 84 81 83 70 67 65 62 63 59 55 54 48 47 45 40 49 46 43 37 30 27 28 22 18 17 16 13 6 5 7 12 94 96 97 95 86 25 56 50 88 90 91 98 100 1 3 93 89 72 15 73 35 29 4 87 23 19 31 61 85 92 99 2 8 14 10 9 11 20 21 24 26 32 33 41 39 44
geracao 5008: 38 57 60 66 58 52 42 36 34 51 53 64 69 74 80 82 78 79 71 75 76 68 77 84 81 83 70 67 65 62 63 59 55 54 48 47 45 40 49 46 43 37 30 27 28 22 18 17 16 6 5 7 13 12 94 96 97 95 86 25 56 50 88 90 91 98 100 1 3 93 89 72 15 73 35 29 4 87 23 19 31 61 85 92 99 2 8 14 10 9 11 20 21 24 26 32 33 41 39 44
geracao 5093: 38 57 60 66 58 52 42 36 34 51 53 64 69 74 80 82 78 79 71 75 76 68 77 83 81 84 70 67 65 62 63 59 55 54 48 47 45 40 49 46 43 37 30 27 28 22 18 17 16 6 5 7 13 12 94 96 97 95 86 25 56 50 88 90 91 98 100 1 3 93 89 72 15 73 35 29 4 87 23 19 31 61 85 92 99 2 8 14 10 9 11 20 21 24 26 32 33 41 39 44
geracao 5705: 60 66 58 52 42 36 34 51 53 64 69 74 80 82 78 79 71 75 76 68 77 83 81 84 70 67 65 62 63 59 55 54 48 47 45 40 49 46 43 37 30 27 28 22 18 17 16 6 5 7 13 12 94 96 97 95 86 25 56 50 88 90 91 98 100 1 3 93 89 72 15 73 35 29 4 87 23 19 31 61 85 92 99 2 8 14 10 9 11 20 21 24 26 32 33 41 39 44 38 57
geracao 5975: 60 66 58 52 42 36 34 51 53 64 69 74 80 82 78 79 76 75 71 68 77 83 81 84 70 67 65 62 63 59 55 54 48 47 45 40 49 46 43 37 30 27 28 22 18 17 16 6 5 7 13 12 94 96 97 95 86 25 56 50 88 90 91 98 100 1 3 93 89 72 15 73 35 29 4 87 23 19 31 61 85 92 99 2 8 14 10 9 11 20 21 24 26 32 33 41 39 44 38 57
geracao 6146: 69 74 80 82 78 79 76 75 71 68 77 83 81 84 70 67 65 62 63 59 55 54 48 47 45 40 49 46 43 37 30 27 28 22 18 17 16 6 5 7 13 12 94 96 97 95 86 25 56 50 88 90 91 98 100 1 3 93 89 72 15 73 35 29 4 87 23 19 31 61 85 92 99 2 8 14 10 9 11 20 21 24 26 32 33 41 39 44 38 57 60 66 58 52 42 36 34 51 53 64
geracao 6357: 69 74 80 82 78 79 76 75 71 68 77 83 81 84 70 67 65 62 63 59 55 54 48 47 45 40 49 46 43 37 30 27 28 22 18 17 16 6 5 7 13 12 94 96 97 95 86 25 56 50 88 90 91 98 100 1 3 93 89 72 15 73 35 29 4 87 23 19 31 61 85 92 99 2 8 14 10 9 11 20 21 24 26 32 33 41 39 44 38 42 36 34 51 53 52 58 66 60 57 64
geracao 6495: 82 78 79 76 75 71 68 77 83 81 84 70 67 65 62 63 59 55 54 48 47 45 40 49 46 43 37 30 27 28 22 18 17 16 6 5 7 13 12 94 96 97 95 86 25 56 50 88 90 91 98 100 1 3 93 89 72 15 73 35 29 4 87 23 19 31 61 85 92 99 2 8 14 10 9 11 20 21 24 26 32 33 41 39 44 38 42 36 34 51 53 52 58 66 60 57 64 69 74 80
geracao 6586: 82 78 79 76 75 71 68 77 83 81 84 70 67 65 62 63 59 55 54 48 47 45 40 49 46 43 37 30 27 28 22 18 17 16 6 5 7 13 12 94 96 97 95 86 25 56 50 88 90 91 98 100 1 3 93 89 72 15 73 35 29 4 87 23 19 31 61 85 92 99 2 8 14 10 9 11 20 21 24 26 32 33 41 39 44 38 42 36 34 51 53 52 58 57 60 66 64 69 74 80
geracao 6690: 82 78 79 76 75 71 68 77 83 81 84 70 67 65 62 63 59 55 54 48 47 45 40 49 46 43 37 30 27 28 22 18 17 16 6 5 7 13 12 94 96 97 95 86 25 56 50 88 90 91 93 89 72 15 73 35 29 4 87 23 19 31 61 85 92 99 2 8 14 10 9 3 1 100 98 11 20 21 24 26 32 33 41 39 44 38 42 36 34 51 53 58 52 57 60 66 64 69 74 80
geracao 6692: 82 78 79 76 75 71 68 77 83 81 84 70 67 65 62 63 59 55 54 48 47 45 40 49 46 43 37 30 27 28 22 18 17 16 6 5 7 13 12 94 96 97 95 86 25 56 50 88 90 91 98 100 1 3 93 89 72 15 73 35 29 4 87 23 19 31 61 85 92 99 2 8 14 10 9 11 20 21 24 26 32 33 41 39 44 38 42 36 34 51 53 58 52 57 60 66 64 69 74 80
geracao 6858: 79 76 75 71 68 77 83 81 84 70 67 65 62 63 59 55 54 48 47 45 40 49 46 43 37 30 27 28 22 18 17 16 6 5 7 13 12 94 96 97 95 86 25 56 50 88 90 91 98 100 1 3 93 89 72 15 73 35 29 4 87 23 19 31 61 85 92 99 2 8 14 10 9 11 20 21 24 26 32 33 41 39 44 38 42 36 34 51 53 58 52 57 60 66 64 69 74 80 82 78
geracao 7490: 79 76 75 71 68 77 83 81 84 70 67 65 62 63 59 55 54 48 47 45 40 49 46 43 37 30 27 28 22 18 17 16 6 5 7 13 12 94 96 97 95 86 25 56 50 88 90 91 98 100 1 3 93 89 72 15 73 35 29 4 87 23 31 19 61 85 92 99 2 8 14 10 9 11 20 21 24 26 32 33 41 39 44 38 42 36 34 51 53 58 52 57 60 66 64 69 74 80 82 78
geracao 9007: 79 76 75 71 68 77 83 81 84 70 67 65 62 63 59 55 54 48 47 45 40 49 46 43 37 30 27 28 22 18 17 16 6 5 7 13 12 94 96 97 95 86 25 56 50 88 90 91 98 100 1 93 89 72 15 73 35 29 4 87 23 31 19 61 85 92 99 2 8 14 10 9 3 11 20 21 24 26 32 33 41 39 44 38 42 36 34 51 53 58 52 57 60 66 64 69 74 80 82 78
geracao 9616: 79 76 75 71 68 77 83 84 81 70 67 65 62 63 59 55 54 48 47 45 40 49 46 43 37 30 27 28 22 18 17 16 6 5 7 13 12 94 96 97 95 86 25 56 50 88 90 91 98 100 1 93 89 72 15 73 35 29 4 87 23 31 19 61 85 92 99 2 8 14 10 9 3 11 20 21 24 26 32 33 41 39 44 38 42 36 34 51 53 58 52 57 60 66 64 69 74 80 82 78