Parametros iniciais:
	Taxa de crossover=0.5
	Taxa de mutacao=0.3
	Tamanho da Populacao inicial=100
	Tamanho da Subpopulacao (nao sofrem selecao)=25
	Operador de selecao=Roleta
	Candidatos a crossover=100
	Operador de crossover=OX
	Quantidade de cromossomos nao mutantes (segunda subpopulacao)=25
	Operador de mutacao=Alternativa
	Tamanho populacao corrente=250
	Diversidade minima=0.0
	Numero maximo de geracoes=10000
	Numero de threads=3
	Duracao=184s=3min=0h
Melhor Caminho:
 80 82 78 79 76 75 71 68 77 83 84 81 70 67 65 62 63 59 55 54 49 48 47 45 40 43 46 37 30 27 28 22 18 17 16 13 6 5 7 12 11 1 100 98 91 90 88 94 96 97 95 86 25 56 50 35 73 72 15 29 4 87 23 31 19 61 85 93 89 92 99 2 8 14 10 9 3 20 21 24 26 32 33 41 39 44 38 42 36 34 51 53 58 52 57 60 66 64 69 74
	Fitness=4.545789810757484E-5

Melhores caminhos adquiridos (ordem crescente de fitness):

geracao 0: 42 33 54 9 94 14 46 20 69 53 11 73 48 50 66 41 52 23 15 56 13 97 61 29 71 24 86 10 82 43 62 76 2 91 25 21 55 16 92 83 51 98 93 39 35 47 26 44 77 65 49 27 78 79 84 67 70 68 99 81 40 88 28 17 34 22 8 58 59 60 74 75 80 85 87 1 89 4 5 6 38 18 45 57 3 7 19 72 32 63 36 30 64 37 12 95 96 100 31 90
geracao 1: 28 99 70 84 79 78 49 34 52 56 68 57 83 8 42 50 1 21 3 9 37 81 51 48 32 54 82 69 44 65 100 12 11 64 41 46 7 66 13 53 14 15 58 61 16 17 45 33 77 40 62 67 27 86 93 35 87 88 26 47 39 98 92 59 60 74 75 80 85 89 4 5 6 38 18 19 72 63 36 30 95 96 31 90 94 20 73 23 97 29 71 24 10 43 76 2 91 25 55 22
geracao 2: 2 72 25 49 79 57 83 58 53 13 7 46 41 64 11 12 100 37 9 3 1 50 16 33 40 62 27 93 35 88 4 10 47 74 52 6 5 55 92 31 30 26 36 28 18 80 60 84 15 29 38 17 89 85 90 22 32 48 86 87 95 73 91 96 97 98 34 59 65 51 61 56 63 75 66 67 44 94 81 42 68 39 69 77 8 45 70 14 24 54 21 19 99 20 23 43 82 78 76 71
geracao 4: 5 61 38 76 78 79 89 15 18 24 34 52 57 42 1 21 36 14 53 13 66 7 46 41 64 11 12 100 65 44 69 82 54 32 48 51 81 37 9 3 16 17 45 33 77 40 62 67 27 86 93 35 87 88 94 96 4 63 43 26 47 39 98 92 59 60 74 75 80 85 58 99 10 23 56 50 31 49 29 72 90 97 19 68 95 2 55 22 25 91 6 73 84 70 8 20 28 71 83 30
geracao 5: 53 13 7 46 41 64 11 36 30 31 50 1 3 9 37 100 12 15 29 90 32 48 95 73 96 97 65 51 61 56 63 66 44 94 81 42 68 69 8 14 54 21 20 23 16 17 45 33 77 40 62 67 27 86 93 35 87 88 26 47 39 98 92 59 60 74 75 80 85 89 4 5 6 38 18 19 72 24 10 43 76 2 91 25 55 22 28 99 70 84 79 78 49 34 52 82 71 57 83 58
geracao 6: 41 64 11 12 100 37 9 3 1 50 52 84 65 51 61 15 42 34 36 56 66 44 32 63 30 95 96 31 90 73 97 29 48 94 81 70 68 69 8 14 54 21 20 23 16 17 45 33 77 40 62 67 27 86 93 35 87 88 26 47 39 98 92 59 60 74 75 80 85 89 4 5 6 38 18 19 72 24 10 43 76 2 91 25 55 22 28 99 82 78 71 49 79 57 83 58 53 13 7 46
geracao 7: 37 100 12 11 64 41 46 36 28 18 84 38 89 85 22 91 34 15 29 90 32 48 95 73 96 97 65 51 61 56 63 66 44 94 81 42 68 69 8 14 54 21 20 23 16 17 45 33 77 40 62 67 27 86 93 35 87 88 26 47 39 98 92 59 60 74 75 80 71 76 78 82 43 99 19 2 25 55 70 79 49 52 57 83 58 53 13 7 30 31 4 5 6 72 24 10 50 1 3 9
geracao 8: 63 96 3 9 37 32 36 24 1 28 84 65 51 61 30 22 95 97 85 89 4 5 6 38 18 64 41 46 7 13 53 66 44 94 81 42 68 69 8 14 54 21 20 23 16 17 45 33 77 40 62 67 27 86 93 35 87 88 26 47 39 98 92 59 60 74 75 80 71 76 78 82 43 99 19 2 25 55 70 79 49 52 58 83 57 34 90 72 29 31 50 56 10 48 15 12 100 11 73 91
geracao 9: 63 96 3 9 37 32 36 24 1 28 84 65 51 61 30 22 95 97 85 89 4 5 6 27 67 62 40 77 33 45 17 16 23 20 21 54 14 8 69 68 42 81 94 44 66 53 13 7 46 41 64 18 38 86 93 35 87 88 26 47 39 98 92 59 60 74 75 80 71 76 78 82 43 99 19 2 25 55 70 79 49 52 58 83 57 34 90 72 29 31 50 56 10 48 15 12 100 11 73 91
geracao 10: 63 64 37 9 3 1 14 8 69 68 81 94 97 96 95 30 32 44 66 36 42 61 51 65 84 54 21 20 23 16 17 45 33 77 40 62 24 18 38 6 4 89 85 22 28 53 13 7 46 41 5 67 27 86 93 35 87 88 26 47 39 98 92 59 60 74 75 80 71 76 78 82 43 99 19 2 25 55 70 79 49 52 58 83 57 34 90 72 29 31 50 56 10 48 15 12 100 11 73 91
geracao 11: 63 64 37 9 3 1 14 8 69 68 81 94 97 96 95 30 32 44 66 36 42 61 51 65 84 54 21 20 23 16 17 45 33 77 40 26 46 41 59 98 87 86 22 5 6 24 71 76 78 82 43 99 19 2 25 55 70 79 49 13 7 38 89 85 4 28 18 80 75 74 60 92 39 47 88 35 93 27 67 62 52 83 58 53 57 34 90 72 29 31 50 56 10 48 15 12 100 11 73 91
geracao 12: 96 91 73 87 86 48 32 5 6 15 38 84 63 56 54 21 20 23 16 17 58 83 57 52 34 49 62 40 77 33 45 97 95 55 22 30 12 100 94 44 66 53 13 7 46 59 60 74 75 80 71 76 78 82 43 99 19 2 25 4 89 85 90 72 29 61 31 79 70 65 41 26 36 67 27 93 35 88 47 39 92 14 8 69 68 42 81 51 18 28 64 11 37 9 3 1 50 24 10 98
geracao 13: 22 95 97 11 73 84 81 28 94 88 87 35 93 86 27 67 62 66 63 61 92 98 39 47 50 1 100 12 26 96 42 34 36 41 74 75 80 71 76 43 70 46 64 54 57 53 4 72 24 10 91 38 51 52 60 18 59 48 32 5 6 3 9 37 56 29 15 85 89 31 30 7 13 49 79 55 25 2 19 99 82 78 65 83 58 44 68 69 8 14 21 20 23 16 17 45 33 77 40 90
geracao 14: 4 89 85 28 39 47 38 24 6 5 22 98 59 46 40 77 33 45 17 16 84 65 51 42 36 66 44 32 30 95 96 97 27 67 63 91 15 48 10 56 31 29 72 90 34 92 86 93 54 21 20 23 61 41 64 37 9 3 1 50 14 8 69 68 60 74 75 80 71 76 78 82 43 99 19 2 25 55 70 79 49 52 57 83 58 53 13 7 35 87 88 94 11 73 26 12 100 81 62 18
geracao 15: 96 26 12 100 1 50 47 39 98 92 61 63 66 62 67 27 86 93 35 87 88 94 28 81 84 73 11 97 95 22 42 34 36 41 74 75 80 71 76 43 70 46 64 54 57 53 4 72 24 10 91 38 51 52 60 18 59 48 32 5 6 3 9 37 56 29 15 85 89 31 30 7 13 49 79 55 25 2 19 99 82 78 65 83 58 44 68 69 8 14 21 20 23 16 17 45 33 77 40 90
geracao 16: 96 26 12 100 1 50 47 39 98 92 61 63 66 62 67 27 86 93 35 87 88 94 28 81 84 73 11 97 95 22 42 34 36 41 74 75 80 71 76 43 70 46 64 54 57 53 4 72 24 10 91 38 51 52 60 18 59 48 32 5 6 3 20 21 14 8 69 68 44 58 83 65 78 82 99 19 2 25 55 79 49 13 7 30 31 89 85 15 29 56 37 9 23 16 17 45 33 77 40 90
geracao 17: 61 73 11 97 95 22 90 40 77 33 45 17 16 23 20 21 14 8 72 4 53 57 54 64 46 70 43 76 71 80 75 74 41 36 34 42 96 26 12 100 1 50 47 39 49 13 7 30 31 89 85 15 29 56 37 9 3 6 5 32 48 59 18 60 52 51 38 91 10 24 63 84 81 28 94 88 87 35 93 86 27 67 62 66 69 68 44 58 83 65 78 82 99 19 2 25 55 79 98 92
geracao 19: 75 80 71 76 43 70 46 64 54 57 53 4 72 8 14 21 20 23 16 17 45 48 59 18 60 52 51 38 91 10 24 63 84 81 28 94 96 26 12 100 1 50 47 39 49 13 7 30 31 89 85 15 29 56 37 9 3 6 5 32 79 55 25 2 19 99 82 78 65 83 58 44 68 69 66 62 67 27 86 93 35 87 88 73 11 97 95 98 92 61 22 90 40 77 33 42 34 36 41 74
geracao 20: 52 60 18 59 48 45 17 16 23 20 21 14 8 72 4 53 57 54 64 46 70 43 76 71 80 75 74 41 91 10 24 63 84 81 28 94 96 26 12 100 1 50 47 39 49 13 7 30 31 89 85 15 29 56 37 9 3 6 5 32 79 55 25 2 19 99 82 78 65 83 58 44 68 69 66 62 67 27 86 93 35 87 88 73 11 97 95 98 92 61 22 90 40 77 33 42 34 36 38 51
geracao 21: 75 80 71 76 43 70 46 64 54 57 53 4 72 8 14 21 91 10 24 63 84 81 28 94 96 26 12 100 1 50 47 39 49 13 7 20 23 16 17 45 48 59 18 60 52 51 38 67 62 66 69 68 44 58 83 65 78 82 99 19 2 25 55 79 32 5 6 3 9 37 56 29 15 85 89 31 30 27 86 93 35 87 88 73 11 97 95 98 92 61 22 90 40 77 33 42 34 36 41 74
geracao 22: 97 11 73 88 87 35 93 86 54 57 53 4 72 8 14 21 20 23 16 17 45 48 59 18 60 52 51 38 91 10 24 63 84 81 28 13 7 30 31 89 85 15 29 56 37 9 3 2 19 99 82 78 65 83 58 44 68 69 67 62 66 79 96 27 71 76 43 70 46 64 49 47 39 55 94 5 6 25 50 1 100 12 26 32 80 75 74 41 36 34 42 33 77 40 90 22 61 92 98 95
geracao 23: 78 65 83 58 44 68 69 67 62 66 79 4 72 8 14 21 20 23 16 17 45 48 59 18 60 52 51 38 91 10 24 63 84 81 28 13 7 30 31 89 85 15 29 56 37 9 3 6 5 94 55 39 47 49 64 46 70 43 76 71 27 96 25 50 1 100 12 26 32 80 75 74 41 36 34 42 33 77 40 90 22 61 92 98 95 97 11 73 88 87 35 93 86 54 57 53 2 19 99 82
geracao 24: 75 80 71 76 43 70 46 64 54 57 53 4 72 8 14 21 91 10 24 63 84 81 59 18 60 28 13 7 30 31 89 85 15 29 56 37 9 3 6 5 94 55 39 47 49 96 25 50 1 100 12 26 32 41 2 19 99 82 78 65 83 58 44 68 79 20 23 16 17 45 48 52 51 38 36 34 42 33 77 40 90 22 61 92 98 95 97 11 73 88 87 35 93 86 27 67 62 66 69 74
geracao 26: 69 66 62 67 27 86 93 35 87 88 73 4 72 8 14 21 91 10 24 63 84 81 59 18 60 28 13 7 30 26 31 89 85 15 29 56 37 9 3 6 5 94 55 39 47 49 96 25 50 1 100 12 65 83 58 44 68 79 20 23 16 17 45 48 52 51 38 36 34 42 33 77 40 90 22 61 92 98 95 97 11 53 57 54 64 46 70 43 76 71 80 32 41 2 19 99 82 78 75 74
geracao 27: 90 40 62 67 27 86 93 35 87 88 73 4 72 8 14 21 91 10 24 63 84 81 59 18 60 28 13 7 30 26 31 89 85 15 29 56 37 9 3 6 5 94 55 39 47 49 96 25 50 1 100 12 65 83 58 44 68 79 20 23 16 17 45 48 52 51 38 36 34 42 33 77 66 69 74 75 78 82 99 19 2 41 32 80 71 76 43 70 46 64 54 57 53 11 97 95 98 92 61 22
geracao 28: 8 14 21 91 10 24 63 84 81 59 18 41 32 26 12 100 1 50 25 96 49 47 39 55 94 5 6 30 7 13 28 60 2 19 99 61 92 98 95 97 11 73 88 87 35 93 3 9 90 22 15 85 89 31 29 56 37 82 78 80 75 65 83 58 44 68 79 20 53 86 27 67 62 66 69 74 71 76 43 70 46 64 54 57 40 77 33 42 34 36 38 51 52 48 45 17 16 23 4 72
geracao 29: 48 52 51 38 36 34 42 33 77 40 57 54 28 13 7 30 6 5 94 55 39 47 49 96 25 50 1 100 12 26 32 41 2 19 99 3 9 90 22 61 92 98 95 97 11 73 15 85 89 31 29 88 87 35 93 56 37 82 78 80 75 65 83 58 44 68 79 20 53 86 27 67 62 66 69 74 71 76 43 70 46 64 60 18 59 81 84 63 24 10 91 21 14 8 72 4 23 16 17 45
geracao 30: 8 14 21 91 10 24 63 84 81 59 18 28 13 7 30 6 5 94 55 39 47 49 96 25 50 1 100 12 26 32 41 2 19 99 3 9 90 22 61 92 98 95 97 11 73 15 85 89 31 29 88 87 35 93 56 37 82 78 80 60 75 65 83 58 44 68 79 20 53 86 27 67 62 66 69 74 71 76 43 70 46 64 54 57 40 77 33 42 34 36 38 51 52 48 45 17 16 23 4 72
geracao 31: 74 69 66 62 67 27 41 32 2 19 99 4 72 8 14 21 91 10 24 63 84 81 59 18 60 28 13 7 30 26 31 89 61 92 98 95 97 11 73 88 87 35 93 3 9 90 22 15 85 29 56 37 65 83 58 44 68 79 20 86 23 16 17 45 48 52 51 38 36 34 42 33 77 40 12 100 1 50 25 96 49 47 39 55 94 5 6 53 57 54 64 46 70 43 76 71 80 82 78 75
geracao 32: 8 14 21 91 10 24 63 84 81 59 18 28 13 7 30 6 5 50 25 96 49 47 39 55 94 2 19 99 61 92 98 95 97 11 73 88 87 35 93 3 9 90 22 15 85 89 31 29 56 37 82 78 80 75 65 83 58 44 68 79 41 32 26 12 100 1 20 53 86 27 67 62 66 69 74 71 76 43 70 60 46 64 54 57 40 77 33 42 34 36 38 51 52 48 45 17 16 23 4 72
geracao 33: 8 14 21 91 10 24 63 84 81 59 18 28 13 7 30 6 5 94 55 39 47 49 96 25 50 56 93 35 87 88 29 31 89 85 15 73 11 97 95 98 92 61 3 9 90 22 37 65 83 58 44 68 79 20 86 38 36 34 42 33 77 40 12 100 1 99 19 2 32 41 27 67 62 66 69 74 75 78 82 80 71 76 43 70 46 64 54 57 53 60 26 51 52 48 45 17 16 23 4 72
geracao 34: 8 14 21 91 10 24 63 84 81 59 18 28 13 7 30 6 5 94 55 83 65 37 22 90 9 3 61 92 98 95 97 11 73 15 85 89 31 29 88 87 35 93 56 50 25 96 49 47 39 58 44 68 79 20 86 38 36 34 42 33 77 40 12 100 1 99 19 2 32 41 27 67 62 66 69 74 75 78 82 80 71 76 43 70 46 64 54 57 53 60 26 51 52 48 45 17 16 23 4 72
geracao 35: 8 14 21 91 10 24 63 84 81 59 18 28 13 7 30 6 5 94 55 83 65 37 22 90 9 3 61 92 98 95 97 11 73 15 85 89 31 29 88 87 35 93 56 50 25 96 49 47 39 58 44 68 79 20 86 38 36 34 42 53 57 54 64 46 70 43 76 71 80 82 78 75 74 69 66 62 67 27 41 32 2 19 99 1 100 12 40 77 33 60 26 51 52 48 45 17 16 23 4 72
geracao 37: 8 14 21 91 10 24 63 84 81 59 18 28 13 7 30 6 5 94 55 83 65 37 22 90 9 3 61 92 98 95 97 11 73 15 85 89 31 29 88 87 35 93 56 50 25 96 27 67 62 66 69 74 75 78 82 80 71 76 43 70 46 64 54 42 34 36 38 86 20 79 68 44 58 39 47 49 41 32 2 19 99 1 100 12 40 77 33 57 53 60 26 51 52 48 45 17 16 23 4 72
geracao 38: 8 14 21 91 10 24 63 84 81 59 18 28 13 7 30 6 5 94 55 83 65 37 22 90 20 79 68 44 58 39 47 49 40 77 33 42 34 36 38 86 9 3 61 92 98 95 97 11 73 15 85 89 31 29 88 87 35 93 56 50 25 96 12 100 1 99 19 2 32 41 27 67 62 66 69 74 75 78 82 80 71 76 43 70 46 64 54 57 53 60 26 51 52 48 45 17 16 23 4 72
geracao 39: 63 24 10 91 21 14 8 72 4 23 16 17 45 48 52 51 26 60 55 83 65 37 22 90 9 3 61 92 98 95 97 11 73 15 85 89 31 29 88 87 35 93 56 50 25 96 49 47 39 58 44 68 79 20 86 38 36 34 42 53 57 54 64 46 70 43 76 71 80 82 78 75 74 69 66 62 67 33 77 40 12 100 1 99 19 2 32 41 27 30 6 5 94 7 13 28 18 59 81 84
geracao 41: 63 24 10 91 21 14 8 72 4 23 16 17 45 48 52 51 26 60 55 83 65 37 22 90 9 3 61 92 98 95 97 11 73 15 85 89 31 29 88 87 35 93 56 50 25 96 20 86 38 36 34 42 53 57 54 64 70 43 76 71 80 82 78 75 74 69 66 62 46 79 68 44 58 39 47 49 67 33 77 40 12 100 1 99 19 2 32 41 27 30 6 5 94 7 13 28 18 59 81 84
geracao 42: 92 61 18 59 81 84 63 24 10 91 21 14 8 72 4 23 96 25 50 56 93 35 87 88 29 31 89 85 15 73 11 97 95 22 37 65 83 55 60 26 51 52 48 45 17 16 49 47 39 58 44 68 79 20 86 38 36 34 42 53 57 54 64 46 70 43 76 71 80 82 78 75 74 69 66 62 67 77 33 40 12 100 1 99 19 2 32 41 27 30 6 5 94 7 13 28 3 9 90 98
geracao 43: 91 10 24 63 84 81 59 18 28 13 7 94 5 6 30 27 41 60 55 83 65 37 22 90 9 3 61 92 98 95 97 11 73 15 85 89 31 29 88 87 35 93 56 50 25 96 20 86 38 36 34 42 53 57 54 64 70 43 76 71 80 82 78 75 74 69 66 62 46 79 68 44 58 39 47 49 67 33 77 40 12 100 1 99 19 2 32 26 51 52 48 45 17 16 23 4 72 8 14 21
geracao 44: 63 24 10 91 21 14 8 72 4 23 87 88 29 31 89 85 15 73 86 20 96 25 50 56 93 35 16 17 45 48 52 51 26 60 55 83 65 37 22 90 9 3 61 92 98 95 97 11 38 36 40 77 33 67 49 47 39 58 44 68 79 46 62 66 69 74 75 78 82 80 71 76 43 70 64 54 57 53 42 34 12 100 1 99 19 2 32 41 27 30 6 5 94 7 13 28 18 59 81 84
geracao 45: 44 68 79 20 21 14 8 72 4 23 16 17 45 48 52 51 26 60 55 83 65 37 22 90 9 3 61 92 98 95 97 11 73 15 85 89 31 29 88 87 35 93 56 50 25 96 86 38 36 34 42 53 57 54 64 70 43 76 71 80 82 78 75 74 69 66 62 46 67 77 33 24 10 91 49 47 39 63 84 81 59 18 28 13 7 94 5 6 30 27 41 32 2 19 99 1 100 12 40 58
geracao 46: 100 12 40 20 21 14 8 72 4 23 16 17 45 48 52 51 26 60 55 83 65 37 22 90 9 3 61 92 98 95 97 11 73 15 85 89 31 29 88 87 35 93 56 50 25 96 86 38 36 34 42 53 57 54 64 70 43 76 71 80 82 78 75 74 69 66 62 46 67 77 33 44 58 79 68 24 10 91 49 47 39 63 84 81 59 18 28 13 7 94 5 6 30 27 41 32 2 19 99 1
geracao 47: 63 24 10 91 21 14 8 72 4 23 16 17 20 51 26 60 55 83 65 37 22 90 9 3 61 92 98 95 97 11 73 15 85 89 31 29 88 87 35 93 56 50 25 96 86 38 36 34 42 53 57 79 68 44 58 39 47 49 45 48 52 54 64 46 70 43 76 71 80 82 78 75 74 69 66 62 67 77 33 40 12 100 1 99 19 2 32 41 27 30 6 5 94 7 13 28 18 59 81 84
geracao 48: 63 24 10 91 21 14 8 72 4 23 16 17 20 51 26 86 96 25 50 56 93 35 87 88 29 31 89 85 15 73 11 97 95 98 92 61 3 9 90 22 37 65 83 55 60 38 36 34 42 53 57 79 68 44 58 39 47 49 45 48 52 54 64 46 70 43 76 71 80 82 78 75 74 69 66 62 67 77 33 40 12 100 1 99 19 2 32 41 27 30 6 5 94 7 13 28 18 59 81 84
geracao 49: 4 23 61 92 98 95 97 11 73 15 85 89 31 29 86 96 25 50 56 93 35 16 17 45 48 52 51 26 60 55 83 38 36 34 42 53 57 54 64 76 71 80 82 78 75 74 69 66 62 67 63 37 65 79 68 44 9 3 22 90 58 39 47 49 46 70 43 24 10 91 88 87 19 99 1 100 12 40 33 77 84 81 59 18 28 13 7 94 5 6 30 27 41 32 2 20 21 14 8 72
geracao 50: 94 5 6 30 27 41 32 2 19 99 26 51 20 17 16 96 86 25 50 56 93 35 87 88 29 31 89 85 15 73 11 97 95 98 92 61 3 9 90 22 37 65 83 55 60 38 36 34 42 53 57 79 68 44 58 39 47 49 45 48 52 54 64 46 70 43 76 71 80 82 78 75 74 69 66 62 67 77 33 40 12 100 1 23 4 72 8 14 21 91 10 24 63 84 81 59 18 28 13 7
geracao 51: 40 12 100 1 98 95 97 11 73 15 85 89 31 29 86 96 25 50 56 93 35 16 17 45 48 52 51 26 60 55 83 38 36 34 42 53 57 54 64 76 71 80 82 78 75 74 69 66 62 67 63 37 65 79 68 44 9 3 22 90 58 39 47 49 46 70 43 24 10 91 88 87 19 99 92 61 23 4 72 8 14 21 20 2 32 41 27 30 6 5 94 7 13 28 18 59 81 84 77 33
geracao 52: 89 85 15 73 11 97 95 98 1 100 12 40 33 77 84 81 59 18 28 13 7 16 17 45 48 52 51 26 60 55 83 38 36 34 42 53 57 54 64 76 71 80 82 78 75 74 69 66 62 67 63 37 65 79 68 44 9 3 22 90 58 39 47 49 46 70 43 24 10 91 88 87 19 99 92 61 23 4 72 8 14 21 20 2 32 41 27 30 6 5 94 35 93 56 50 25 96 86 29 31
geracao 53: 89 85 15 73 11 97 95 98 1 100 12 40 33 77 84 81 59 18 28 13 7 16 17 45 48 52 51 26 60 55 83 38 36 34 42 53 57 54 64 76 71 80 82 78 75 74 69 66 62 67 63 37 65 79 68 44 9 3 22 90 58 39 47 49 46 70 43 24 10 91 88 87 19 99 92 61 23 4 72 8 14 21 20 2 32 41 27 30 6 5 94 86 96 25 50 56 93 35 29 31
geracao 54: 40 12 100 1 98 95 97 11 26 51 17 16 96 86 25 50 56 93 35 29 31 89 85 15 73 3 9 90 22 37 65 83 55 60 38 36 34 42 53 79 68 44 58 39 47 49 45 48 52 46 70 74 69 66 62 67 63 75 78 82 80 71 76 64 54 57 43 24 10 91 88 87 19 99 92 61 23 4 72 8 14 21 20 2 32 41 27 30 6 5 94 7 13 28 18 59 81 84 77 33
geracao 56: 96 86 29 31 89 85 15 73 11 97 95 98 1 100 12 3 9 90 22 37 65 83 55 60 38 36 34 42 53 79 68 44 58 39 47 49 45 48 52 74 69 66 62 67 63 75 78 82 80 71 76 64 54 57 51 26 40 33 77 84 81 59 18 28 46 70 43 24 10 91 88 87 19 99 92 61 23 4 72 8 14 21 20 2 32 41 27 30 6 5 94 7 13 17 16 35 93 56 50 25
geracao 57: 96 86 29 31 89 85 15 73 11 97 95 98 1 100 12 3 9 90 22 37 65 83 64 76 71 80 82 78 75 63 67 62 66 69 74 52 48 45 49 47 39 58 44 68 79 53 42 34 36 38 60 55 54 57 51 26 40 33 77 84 81 59 18 28 46 70 43 24 10 91 88 87 19 99 92 61 23 4 72 8 14 21 20 2 32 41 27 30 6 5 94 7 13 17 16 35 93 56 50 25
geracao 59: 21 14 8 72 4 23 15 73 11 97 95 98 1 100 12 3 9 90 22 37 65 83 64 76 71 80 82 78 75 63 67 62 66 69 74 52 48 45 49 47 39 58 44 68 79 53 42 34 36 38 60 55 54 57 51 26 40 33 77 84 81 59 18 28 46 70 43 24 10 91 88 87 19 99 92 61 85 89 31 29 86 96 25 50 56 93 35 16 17 13 7 94 5 6 30 27 41 32 2 20
geracao 60: 21 14 8 72 4 23 15 73 11 97 95 98 1 100 12 3 9 90 22 37 65 83 55 60 57 54 64 76 71 80 82 78 75 63 67 62 66 69 74 52 48 45 49 47 39 58 44 68 79 53 42 34 36 38 51 26 40 33 77 84 81 59 18 28 46 70 43 41 27 30 6 5 94 7 13 17 16 35 93 56 50 25 96 86 29 31 89 85 61 92 99 19 87 88 91 10 24 32 2 20
geracao 61: 21 14 8 72 4 23 15 73 11 97 95 98 1 100 12 3 9 90 22 37 65 83 64 76 71 80 82 78 75 63 67 62 66 69 74 52 48 45 49 47 39 58 44 68 79 53 42 34 36 38 60 55 54 57 51 26 40 33 77 84 81 59 18 28 46 70 43 41 27 30 6 5 94 7 13 17 16 35 93 56 50 25 96 86 29 31 89 85 61 92 99 19 87 88 91 10 24 32 2 20
geracao 62: 21 14 8 72 4 23 15 73 11 97 95 98 1 100 12 3 9 90 22 37 65 83 64 76 71 80 82 78 75 63 67 62 66 69 74 52 48 45 49 47 39 58 44 68 79 53 42 34 36 38 60 55 54 57 51 26 40 33 77 84 81 59 18 28 46 70 43 24 10 2 32 41 27 30 6 5 94 7 13 17 16 35 93 56 50 25 96 86 29 31 89 85 61 92 99 19 87 88 91 20
geracao 63: 31 29 86 96 25 50 56 93 11 97 95 98 1 100 12 3 9 90 22 37 65 83 64 76 71 80 82 78 75 63 67 62 66 69 74 52 48 45 49 47 39 58 44 68 79 53 42 34 36 38 60 55 54 57 51 26 40 33 77 84 81 59 18 28 46 70 43 41 27 30 6 5 94 7 13 17 16 35 73 15 23 4 72 8 14 21 20 2 32 24 10 91 88 87 19 99 92 61 85 89
geracao 64: 72 8 14 21 20 2 32 41 27 30 6 5 94 7 13 17 16 90 22 37 65 83 64 76 71 80 82 78 75 63 67 62 59 81 84 77 70 46 28 18 66 69 74 52 48 45 49 47 39 58 44 68 79 53 42 34 36 38 60 55 54 57 51 26 40 33 43 24 10 91 88 87 19 99 92 61 85 89 31 29 86 96 25 50 56 93 35 9 3 12 100 1 98 95 97 11 73 15 23 4
geracao 65: 31 29 86 96 25 50 56 93 11 97 95 98 1 100 12 3 9 90 22 37 65 83 64 76 71 80 82 78 75 63 67 62 66 69 74 52 48 45 49 47 39 58 44 68 79 53 42 34 36 38 60 55 54 57 51 14 8 72 4 23 15 73 35 16 17 13 7 94 5 6 30 27 41 43 70 46 28 18 59 81 84 77 33 40 26 21 20 2 32 24 10 91 88 87 19 99 92 61 85 89
geracao 67: 31 29 86 96 25 50 56 93 11 97 95 98 1 100 12 3 9 90 22 37 65 83 64 76 71 80 82 78 75 63 67 62 59 81 84 77 70 46 28 18 66 69 74 52 48 45 49 47 39 58 44 68 79 53 42 34 36 38 60 55 54 57 51 26 40 33 43 41 27 30 6 5 94 7 13 17 16 35 73 15 23 4 72 8 14 21 20 2 32 24 10 91 88 87 19 99 92 61 85 89
geracao 71: 31 29 86 96 25 50 56 93 11 97 95 98 1 100 12 3 9 90 22 37 65 83 68 44 58 39 47 49 45 48 52 74 69 66 18 28 46 70 77 84 81 59 62 67 63 75 78 82 80 71 76 64 79 53 42 34 36 38 60 55 54 57 51 26 40 33 43 41 27 30 6 5 94 7 13 17 16 35 73 15 23 4 72 8 14 21 20 2 32 24 10 91 88 87 19 99 92 61 85 89
geracao 73: 31 29 86 96 25 50 56 93 11 97 95 98 1 100 12 3 9 90 22 37 65 83 64 76 71 80 82 78 75 79 53 42 34 36 38 60 68 44 58 39 47 49 45 48 52 74 69 66 18 28 46 70 77 84 81 59 62 67 63 55 54 57 51 26 40 33 43 41 27 30 6 5 94 7 13 17 16 35 73 15 23 4 72 8 14 21 20 2 32 24 10 91 88 87 19 99 92 61 85 89
geracao 74: 50 25 96 86 29 31 89 85 61 92 99 19 87 88 91 10 24 32 22 37 65 83 68 44 58 39 47 49 45 48 52 74 69 66 18 28 46 70 77 84 81 59 62 67 63 75 78 82 80 71 76 64 79 53 42 34 36 38 60 55 54 57 51 26 40 33 43 41 27 30 6 5 94 7 13 17 16 35 73 15 23 4 72 8 14 21 20 2 90 9 3 12 100 1 98 95 97 11 93 56
geracao 75: 50 56 93 11 97 95 98 1 100 12 3 9 90 88 91 10 24 32 22 37 65 83 68 44 58 39 47 49 45 48 52 74 69 66 18 28 46 70 77 84 81 59 62 67 63 75 78 82 80 71 76 64 79 53 42 34 36 38 60 55 54 57 51 26 40 33 43 41 27 30 6 5 94 7 13 17 16 35 73 15 23 4 72 8 14 21 20 2 87 19 99 92 61 85 89 31 29 86 96 25
geracao 76: 89 85 61 92 99 19 87 88 91 10 24 32 2 100 12 90 22 37 65 83 68 44 58 39 47 49 45 48 52 74 69 66 51 26 21 20 57 54 55 60 38 36 34 42 53 79 64 76 71 80 82 78 75 63 67 62 59 81 84 77 70 46 28 18 40 33 43 41 27 30 6 5 94 7 13 17 16 35 73 15 23 4 72 8 14 9 3 1 98 95 97 11 93 56 50 25 96 86 29 31
geracao 78: 89 85 61 92 99 19 87 88 91 10 24 32 2 100 12 90 22 37 65 83 68 44 58 39 47 49 45 48 52 74 69 66 51 26 21 20 57 60 38 36 34 42 53 79 64 76 71 80 82 78 75 63 67 62 59 81 84 77 70 46 28 18 40 33 43 41 54 55 27 30 6 5 94 7 13 17 16 35 73 15 23 4 72 8 14 9 3 1 98 95 97 11 93 56 50 25 96 86 29 31
geracao 80: 4 72 8 14 2 12 100 98 10 24 32 1 3 9 90 22 27 37 65 83 68 44 58 39 47 49 45 48 52 74 69 66 51 26 21 20 57 60 38 36 34 42 53 79 64 76 71 80 82 78 75 63 67 62 59 81 84 77 70 46 28 18 40 33 43 41 54 55 30 6 5 25 50 56 93 11 97 95 91 88 87 19 99 92 61 85 89 31 29 86 96 94 7 13 17 16 35 73 15 23
geracao 81: 89 85 61 92 99 19 87 88 91 10 24 26 21 20 57 60 38 36 34 51 66 69 74 52 48 45 49 47 39 58 44 68 83 65 37 22 90 12 100 2 32 42 53 79 64 76 71 80 82 78 75 63 67 62 59 81 84 77 70 46 28 18 40 33 43 41 54 55 27 30 6 5 94 7 13 17 16 35 73 15 23 4 72 8 14 9 3 1 98 95 97 11 93 56 50 25 96 86 29 31
geracao 82: 85 61 92 99 19 87 88 91 10 24 32 2 100 12 90 22 18 37 65 83 68 44 58 39 47 49 45 48 52 74 69 66 51 26 21 20 57 60 38 36 34 42 53 79 64 76 71 80 82 78 75 63 67 62 59 81 84 77 70 46 28 40 33 43 41 54 55 27 30 6 5 94 7 13 17 16 35 73 15 23 4 72 8 14 9 3 1 98 95 97 11 93 56 50 25 96 86 29 31 89
geracao 83: 56 93 11 97 95 98 1 100 12 3 90 88 91 10 24 32 22 37 65 83 68 44 58 39 47 49 45 48 52 74 69 66 51 26 21 20 57 60 38 36 34 42 53 79 64 76 71 80 82 78 75 63 67 62 59 81 84 77 70 46 28 18 40 33 43 41 54 55 30 27 6 5 94 7 13 17 16 35 73 15 23 4 72 8 14 9 2 87 19 99 92 61 85 89 31 29 86 96 25 50
geracao 84: 93 11 97 95 98 1 100 12 3 90 88 91 10 24 32 22 27 37 65 83 68 44 58 39 47 49 45 48 52 74 69 66 51 26 21 20 57 60 38 36 34 42 53 79 64 76 71 80 82 78 75 63 67 62 59 81 84 77 70 46 28 18 40 33 43 41 54 55 30 6 5 94 7 13 17 16 35 73 15 23 4 72 8 14 9 2 87 19 99 92 61 85 89 31 29 86 96 25 50 56
geracao 87: 31 89 85 61 92 99 19 87 2 9 14 8 10 24 32 22 27 37 65 83 68 44 58 39 47 49 45 48 52 74 69 66 51 26 21 20 57 60 38 36 34 42 53 79 64 76 71 80 82 78 75 63 67 62 59 81 84 77 70 46 28 18 40 33 43 41 54 55 30 6 5 94 7 13 17 16 35 73 15 23 4 72 91 88 90 3 12 100 1 98 95 97 11 93 56 50 25 96 86 29
geracao 94: 87 2 9 14 8 10 24 32 22 27 30 55 43 33 40 41 54 37 65 83 68 44 58 39 47 49 45 48 52 74 69 66 51 26 21 20 57 60 38 36 34 42 53 79 64 76 71 80 82 78 75 63 67 62 59 81 84 77 70 46 28 18 97 95 98 1 6 5 94 7 13 17 16 35 73 15 23 4 72 29 86 96 25 50 56 93 11 100 12 3 90 88 91 31 89 85 61 92 99 19
geracao 95: 87 2 9 14 8 10 24 32 22 27 30 55 43 33 40 41 54 37 65 83 68 44 58 39 47 49 45 48 52 74 69 66 51 26 21 20 57 60 38 36 34 42 53 79 64 76 71 80 82 78 75 63 67 62 59 81 84 77 70 46 28 18 6 5 94 7 13 17 16 35 73 15 23 4 72 91 88 90 3 12 100 1 98 95 97 11 93 56 50 25 96 86 29 31 89 85 61 92 99 19
geracao 98: 87 2 9 14 8 10 24 32 22 27 30 55 43 33 40 41 54 37 65 83 68 75 78 82 80 71 76 64 79 53 42 34 36 38 60 57 20 21 26 51 66 69 74 52 48 45 49 47 39 58 44 63 67 62 59 81 84 77 70 46 28 18 6 5 94 7 13 17 16 35 73 15 23 4 72 91 88 90 3 12 100 1 98 95 97 11 93 56 50 25 96 86 29 31 89 85 61 92 99 19
geracao 100: 87 2 9 14 8 10 24 32 22 27 30 55 43 33 52 74 69 66 51 26 21 20 57 60 38 36 34 42 53 79 64 76 71 80 82 78 75 68 83 65 37 54 41 40 48 45 49 47 39 58 44 63 67 62 59 81 84 77 70 46 28 18 6 5 94 7 13 17 16 35 73 15 23 4 72 91 88 90 3 12 100 1 98 95 97 11 93 56 50 25 96 86 29 31 89 85 61 92 99 19
geracao 102: 87 2 9 14 8 10 24 32 22 27 30 37 65 83 68 75 78 82 80 71 76 64 79 53 42 34 36 38 60 57 20 21 26 51 66 69 74 52 33 43 55 54 41 40 48 45 49 47 39 58 44 63 67 62 59 81 84 77 70 46 28 18 6 5 94 7 13 17 16 35 73 15 23 4 72 91 88 90 3 12 100 1 98 95 97 11 93 56 50 25 96 86 29 31 89 85 61 92 99 19
geracao 105: 87 2 9 14 8 10 24 32 52 74 69 66 51 26 21 20 57 60 38 36 34 42 53 79 64 76 71 80 82 78 75 68 83 65 37 30 27 22 33 43 55 54 41 40 48 45 49 47 39 58 44 63 67 62 59 81 84 77 70 46 28 18 6 5 94 7 13 17 16 35 73 15 23 4 72 91 88 90 3 12 100 1 98 95 97 11 93 56 50 25 96 86 29 31 89 85 61 92 99 19
geracao 107: 87 2 9 14 8 10 24 32 52 74 69 66 51 26 21 20 57 60 38 36 34 42 53 79 64 76 71 80 82 78 75 68 83 65 37 30 27 22 33 43 55 54 41 40 48 45 49 47 39 58 44 63 67 62 59 81 84 77 70 46 28 18 6 5 94 7 13 17 16 35 86 96 25 50 56 93 11 97 95 98 1 100 12 3 90 88 91 72 4 23 15 73 29 31 89 85 61 92 99 19
geracao 108: 100 1 98 95 97 11 24 32 52 74 69 66 51 26 21 20 57 60 38 36 34 42 53 79 64 76 71 80 82 78 75 68 83 65 37 30 27 22 33 43 55 54 41 40 48 45 49 47 39 58 44 63 67 62 59 81 84 77 70 46 28 18 6 5 94 7 13 17 16 35 86 96 25 50 56 93 10 8 14 9 2 87 19 99 92 61 85 89 31 29 73 15 23 4 72 91 88 90 3 12
geracao 112: 9 14 8 10 93 11 24 32 52 74 69 66 51 26 21 20 57 60 38 36 34 42 53 79 64 76 71 80 82 78 75 68 83 65 37 30 27 22 33 43 55 54 41 40 48 45 49 47 39 58 44 63 67 62 59 81 84 77 70 46 28 18 6 5 94 7 13 17 16 35 86 96 25 50 56 97 95 98 1 100 12 3 90 88 91 72 4 23 15 73 29 31 89 85 61 92 99 19 87 2
geracao 114: 9 14 8 10 93 11 24 32 52 74 69 66 51 26 21 20 57 60 47 49 45 48 40 41 54 55 43 33 22 27 30 37 65 83 68 75 78 82 80 71 76 64 79 53 42 34 36 38 39 58 44 63 67 62 59 81 84 77 70 46 28 18 6 5 94 7 13 17 16 35 86 96 25 50 56 97 95 98 1 100 12 3 90 88 91 72 4 23 15 73 29 31 89 85 61 92 99 19 87 2
geracao 120: 9 14 8 10 93 11 24 32 47 49 45 48 40 41 54 55 43 33 22 27 30 37 65 83 68 75 78 82 80 71 76 64 79 51 66 69 74 52 60 57 20 21 26 53 42 34 36 38 39 58 44 63 67 62 59 81 84 77 70 46 28 18 6 5 94 7 13 17 16 35 86 96 25 50 56 97 95 98 1 100 12 3 90 88 91 72 4 23 15 73 29 31 89 85 61 92 99 19 87 2
geracao 123: 9 14 8 10 93 11 24 32 47 49 45 48 40 41 54 55 43 33 22 27 30 37 65 83 68 75 78 82 80 71 76 64 79 51 66 69 74 52 60 57 20 21 26 53 42 34 36 38 39 58 44 63 67 62 59 81 84 77 70 46 28 18 6 5 94 86 35 16 17 13 7 96 25 50 56 97 95 98 1 100 12 3 90 88 91 72 4 23 15 73 29 31 89 85 61 92 99 19 87 2
geracao 125: 9 14 8 10 93 11 24 32 52 66 80 82 78 75 68 83 65 37 30 27 22 33 43 55 54 41 40 48 45 49 47 60 57 20 21 26 51 69 74 71 76 64 79 53 42 34 36 38 39 58 44 63 67 62 59 81 84 77 70 46 28 18 6 5 94 7 13 17 16 35 86 96 25 50 56 97 95 98 1 100 12 3 90 88 91 72 4 23 15 73 29 31 89 85 61 92 99 19 87 2
geracao 126: 9 14 8 10 93 11 24 32 52 66 80 82 78 75 68 83 65 37 30 27 22 33 43 55 54 41 40 48 45 49 46 70 77 84 81 59 62 67 63 44 58 39 38 36 34 42 53 79 64 76 71 74 69 51 26 21 20 57 60 47 28 18 6 5 94 7 13 17 16 35 86 96 25 50 56 97 95 98 1 100 12 3 90 88 91 72 4 23 15 73 29 31 89 85 61 92 99 19 87 2
geracao 130: 9 14 8 10 93 11 24 32 52 79 64 80 82 78 75 76 71 74 69 66 51 26 21 20 57 60 47 49 45 48 40 41 54 55 43 33 22 27 30 37 65 83 68 53 42 34 36 38 39 58 44 63 67 62 59 81 84 77 70 46 28 18 6 5 94 7 13 17 16 35 86 96 25 50 56 97 95 98 1 100 12 3 90 88 91 72 4 23 15 73 29 31 89 85 61 92 99 19 87 2
geracao 132: 9 14 8 10 93 11 24 32 52 79 64 80 82 78 75 76 71 74 69 66 58 39 38 36 34 42 53 68 83 65 37 30 27 22 33 43 55 54 41 40 48 45 49 47 60 57 20 21 26 51 44 63 67 62 59 81 84 77 70 46 28 18 6 5 94 7 13 17 16 35 86 96 25 50 56 97 95 98 1 100 12 3 90 88 91 72 4 23 15 73 29 31 89 85 61 92 99 19 87 2
geracao 134: 9 14 8 10 93 11 24 32 52 79 64 80 82 78 75 76 71 74 69 66 58 39 38 36 34 42 53 68 83 70 77 84 81 59 62 67 63 44 51 26 21 20 57 60 47 49 45 48 40 41 54 55 43 33 22 27 30 37 65 46 28 18 6 5 94 7 13 17 16 35 86 96 25 50 56 97 95 98 1 100 12 3 90 88 91 72 4 23 15 73 29 31 89 85 61 92 99 19 87 2
geracao 138: 9 14 8 10 93 11 24 32 44 63 67 62 59 81 84 77 70 83 68 53 42 34 36 38 39 58 66 69 74 71 76 75 78 82 80 64 79 52 51 26 21 20 57 60 47 49 45 48 40 41 54 55 43 33 22 27 30 37 65 46 28 18 6 5 94 7 13 17 16 35 86 96 25 50 56 97 95 98 1 100 12 3 90 88 91 72 4 23 15 73 29 31 89 85 61 92 99 19 87 2
geracao 140: 91 88 90 3 12 11 24 32 44 63 67 62 59 81 84 77 70 83 68 53 42 34 36 38 39 58 66 69 74 71 76 75 78 82 80 64 79 52 51 26 21 20 57 60 47 49 45 48 40 41 54 55 43 33 22 27 30 37 65 46 28 18 6 5 94 7 13 17 16 35 86 96 25 50 56 97 95 98 1 100 93 10 8 14 9 2 87 19 99 92 61 85 89 31 29 73 15 23 4 72
geracao 142: 91 88 90 3 12 11 24 32 44 63 67 62 59 81 84 77 70 83 68 53 42 34 36 38 39 58 66 69 74 71 76 75 78 82 80 64 79 52 51 26 21 20 57 60 47 49 45 48 40 41 54 55 43 33 22 27 30 37 65 46 28 18 6 5 94 7 13 17 16 100 1 98 95 97 56 50 25 96 86 35 4 23 15 73 29 31 89 85 61 92 99 19 87 2 9 14 8 10 93 72
geracao 144: 91 88 90 3 12 11 24 32 44 63 67 62 59 81 84 77 70 83 68 53 42 34 36 38 39 58 66 69 74 71 76 75 78 82 80 64 79 52 51 26 21 20 57 60 47 49 45 48 40 41 54 55 43 46 65 37 30 27 22 33 28 18 6 5 94 7 13 17 16 35 86 96 25 50 56 97 95 98 1 100 93 10 8 14 9 2 87 19 99 92 61 85 89 31 29 73 15 23 4 72
geracao 146: 91 88 90 3 12 11 24 32 44 63 67 62 59 81 84 77 70 83 68 53 42 34 36 38 39 58 66 69 74 71 76 75 78 82 80 64 79 52 51 26 21 20 57 60 47 49 45 48 40 41 54 55 43 46 65 37 30 27 22 33 28 18 6 5 94 7 13 17 16 100 1 98 95 97 56 50 25 96 86 35 4 23 15 73 29 31 89 85 61 92 99 19 87 2 9 14 8 10 93 72
geracao 150: 91 88 90 3 12 11 24 32 44 63 67 62 59 81 84 77 70 83 68 53 42 34 36 38 39 58 66 69 74 71 76 75 78 82 80 64 79 52 51 26 21 20 57 60 47 49 45 48 40 41 54 55 43 46 65 37 30 27 22 33 28 18 6 5 94 7 13 17 16 100 1 98 95 97 50 56 25 96 86 35 4 23 15 73 29 31 89 85 61 92 99 19 87 2 9 14 8 10 93 72
geracao 168: 95 90 3 12 11 24 32 33 44 63 67 62 59 81 84 77 70 83 68 53 42 34 36 38 39 58 66 69 74 71 76 75 78 82 80 64 79 52 51 26 21 20 57 60 47 49 45 48 40 41 54 55 43 46 65 37 30 27 22 28 18 6 5 94 7 13 17 16 100 1 98 88 91 72 93 10 8 14 9 2 87 19 99 92 61 85 89 31 29 73 15 23 4 35 86 96 25 56 50 97
geracao 171: 88 90 3 12 11 24 32 33 44 63 67 62 59 81 84 77 70 83 68 53 42 34 36 38 39 58 66 69 74 71 76 75 78 82 80 64 79 52 51 26 21 20 57 60 47 49 45 48 40 41 54 55 43 46 65 37 30 27 22 28 18 6 5 94 7 13 17 16 100 1 98 95 97 50 56 25 96 86 35 4 23 15 73 29 31 89 85 61 92 99 19 87 2 9 14 8 10 93 72 91
geracao 172: 72 91 3 12 11 24 32 33 44 63 67 62 59 81 84 77 70 83 68 53 42 34 36 38 39 58 66 69 74 71 76 75 78 82 80 64 79 52 51 26 21 20 57 60 47 49 45 48 40 41 54 55 43 46 65 37 30 27 22 28 18 6 5 94 7 13 17 16 100 1 98 88 90 95 97 50 56 25 96 86 35 4 23 15 73 29 31 89 85 61 92 99 19 87 2 9 14 8 10 93
geracao 186: 72 91 3 12 11 24 32 33 44 63 67 62 59 81 84 77 70 83 68 53 42 34 51 52 79 64 80 82 78 75 76 71 74 69 66 58 39 38 36 26 21 20 57 60 47 49 45 48 40 41 54 55 43 46 65 37 30 27 22 28 18 6 5 94 7 13 17 16 100 1 98 88 90 95 97 50 56 25 96 86 35 4 23 15 73 29 31 89 85 61 92 99 19 87 2 9 14 8 10 93
geracao 192: 72 91 3 12 11 24 32 33 44 63 67 62 59 81 84 77 70 83 68 53 42 34 51 52 79 64 80 82 78 75 76 71 74 69 66 58 39 38 36 26 21 20 57 60 47 49 45 48 40 41 54 55 43 46 65 37 30 27 22 28 18 6 5 94 7 13 17 16 100 1 98 97 95 90 88 50 56 25 96 86 35 4 23 15 73 29 31 89 85 61 92 99 19 87 2 9 14 8 10 93
geracao 196: 72 91 3 12 11 24 32 33 44 63 67 62 59 81 84 77 70 83 68 53 42 34 51 52 79 64 80 82 78 75 76 71 74 69 66 58 39 38 36 26 21 20 57 60 47 49 45 48 40 41 54 55 43 46 65 37 30 27 22 28 18 16 17 13 7 94 5 6 100 1 98 97 95 90 88 50 56 25 96 86 35 4 23 15 73 29 31 89 85 61 92 99 19 87 2 9 14 8 10 93
geracao 209: 72 91 3 12 11 24 32 33 44 59 62 67 63 81 84 77 70 83 68 53 42 34 51 52 79 64 80 82 78 75 76 71 74 69 66 58 39 38 36 26 21 20 57 60 47 49 45 48 40 41 54 55 43 46 65 37 30 27 22 28 18 16 17 13 7 94 5 6 100 1 98 97 95 90 88 50 56 25 96 86 35 4 23 15 73 29 31 89 85 61 92 99 19 87 2 9 14 8 10 93
geracao 211: 72 91 3 12 11 24 32 33 44 36 38 39 20 21 26 59 62 67 63 81 84 77 70 83 68 53 42 34 51 52 79 64 80 82 78 75 76 71 74 69 66 58 57 60 47 49 45 48 40 41 54 55 43 46 65 37 30 27 22 28 18 16 17 13 7 94 5 6 100 1 98 97 95 90 88 50 56 25 96 86 35 4 23 15 73 29 31 89 85 61 92 99 19 87 2 9 14 8 10 93
geracao 214: 72 91 3 12 11 24 32 33 44 36 38 39 20 21 26 47 60 57 58 66 69 74 71 76 75 78 82 80 64 79 52 51 34 42 53 68 83 70 77 84 81 63 67 62 59 49 45 48 40 41 54 55 43 46 65 37 30 27 22 28 18 16 17 13 7 94 5 6 100 1 98 97 95 90 88 50 56 25 96 86 35 4 23 15 73 29 31 89 85 61 92 99 19 87 2 9 14 8 10 93
geracao 226: 2 91 3 12 11 24 32 33 44 36 38 39 20 21 26 59 62 67 63 81 84 77 70 83 68 53 42 34 51 52 79 64 80 82 78 75 76 71 74 69 66 58 57 60 47 49 45 48 40 41 54 55 43 46 65 37 30 27 22 28 18 16 17 13 7 94 5 6 100 1 98 97 95 90 88 50 56 25 96 86 35 4 23 15 73 29 31 89 85 61 92 99 19 87 72 93 10 8 14 9
geracao 228: 2 91 3 12 11 24 32 33 44 36 38 39 20 21 26 47 60 57 58 66 69 74 71 76 75 78 82 80 64 79 52 51 34 42 53 68 83 70 77 84 81 63 67 62 59 49 45 48 40 41 54 55 43 46 65 37 30 27 22 28 18 16 17 13 7 94 5 6 100 1 98 97 95 90 88 50 56 25 96 86 35 4 23 15 73 29 31 89 85 61 92 99 19 87 72 93 10 8 14 9
geracao 234: 2 91 3 12 11 24 32 33 44 36 38 39 20 21 26 60 57 58 66 69 74 71 76 75 78 82 80 64 79 52 51 34 42 53 68 83 70 77 84 81 63 67 62 59 47 49 45 48 40 41 54 55 43 46 65 37 30 27 22 28 18 16 17 13 7 94 5 6 100 1 98 97 95 90 88 50 56 25 96 86 35 4 23 15 73 29 31 89 85 61 92 99 19 87 72 93 10 8 14 9
geracao 238: 97 91 3 12 11 24 32 33 44 36 38 39 20 21 26 60 57 58 66 69 74 71 76 75 78 82 80 64 79 52 51 34 42 53 68 83 70 77 84 81 63 67 62 59 47 49 45 48 40 41 54 55 43 46 65 37 30 27 22 28 18 16 17 13 7 94 5 6 100 1 98 2 9 14 8 10 93 72 87 19 99 92 61 85 89 31 29 73 15 23 4 35 86 96 25 56 50 88 90 95
geracao 246: 97 91 3 12 11 24 32 33 44 36 38 39 20 21 26 60 57 58 66 69 74 71 76 75 78 82 80 64 79 52 51 34 42 53 68 83 70 77 84 81 63 67 62 59 47 49 45 48 40 41 54 55 43 46 65 37 30 27 22 28 18 16 17 13 96 94 5 6 100 1 98 2 9 14 8 10 93 72 87 19 99 92 61 85 89 31 29 73 15 23 4 35 86 25 56 50 88 90 95 7
geracao 260: 97 91 3 12 11 24 32 33 44 36 38 39 20 21 26 60 57 58 66 69 74 71 76 75 78 82 80 64 79 52 51 34 42 53 68 83 70 77 84 81 63 67 62 59 47 49 45 48 40 41 54 55 43 46 65 37 30 27 22 28 18 16 17 13 96 94 5 6 1 100 98 2 9 14 8 10 93 72 87 19 99 92 61 85 89 31 29 73 15 23 4 35 86 25 56 50 88 90 95 7
geracao 262: 91 3 12 11 24 32 33 44 36 38 39 20 21 26 60 57 58 66 69 74 71 76 75 78 82 80 64 79 52 51 34 42 53 68 83 70 77 84 81 63 67 62 59 47 49 45 48 40 41 54 55 43 46 65 37 30 27 22 28 18 16 17 13 96 94 5 6 1 100 98 2 9 14 8 10 93 72 87 19 99 92 61 85 89 31 29 73 15 23 4 35 86 25 56 50 88 90 95 7 97
geracao 268: 8 14 12 11 24 32 33 44 36 38 39 20 21 26 60 57 58 66 69 74 71 76 75 78 82 80 64 79 52 51 34 42 53 68 83 70 77 84 81 63 67 62 59 47 49 45 48 40 41 54 55 43 46 65 37 30 27 22 28 18 16 17 13 96 94 95 90 88 50 56 25 86 35 4 23 15 73 29 31 89 85 61 92 99 19 87 72 93 9 2 98 100 1 6 5 7 97 91 3 10
geracao 275: 8 14 12 11 24 32 33 44 36 38 39 20 21 26 60 57 58 66 69 74 71 76 75 78 82 80 64 79 52 51 34 42 53 68 83 70 77 84 81 63 67 62 59 47 49 45 48 40 41 54 55 43 46 65 37 30 27 22 28 18 16 17 13 96 94 95 90 97 7 5 6 1 100 98 2 9 93 72 87 19 99 92 61 85 89 31 29 73 15 23 4 35 86 25 56 50 88 91 3 10
geracao 279: 72 93 9 2 24 32 33 44 36 38 39 20 21 26 60 57 58 66 69 74 71 76 75 78 82 80 64 79 52 51 34 42 53 68 83 70 77 84 81 63 67 62 59 47 49 45 48 40 41 54 55 43 46 65 37 30 27 22 28 18 16 17 13 96 94 95 90 97 7 5 6 1 100 98 11 12 14 8 10 3 91 88 50 56 25 86 35 4 23 15 73 29 31 89 85 61 92 99 19 87
geracao 283: 8 14 12 11 24 32 33 44 36 38 39 20 21 26 60 57 58 66 69 74 71 76 75 78 82 80 64 79 52 51 34 42 53 68 83 70 77 84 81 63 67 62 59 47 49 45 48 40 41 54 55 43 46 65 37 30 27 22 28 18 16 17 13 96 94 95 90 97 7 5 6 1 100 98 10 3 91 88 50 56 25 86 35 4 23 15 73 29 31 89 85 61 92 99 19 87 72 93 9 2
geracao 285: 88 91 3 10 24 32 33 44 36 38 39 20 21 26 60 57 58 66 69 74 71 76 75 78 82 80 64 79 52 51 34 42 53 68 83 70 77 84 81 63 67 62 59 47 49 45 48 40 41 54 55 43 46 65 37 30 27 22 28 18 16 17 13 96 94 95 90 97 7 5 6 1 100 98 11 12 14 8 2 9 93 72 87 19 99 92 61 85 89 31 29 73 15 23 4 35 86 25 56 50
geracao 287: 1 91 3 10 24 32 33 44 36 38 39 20 21 26 60 57 58 66 69 74 71 76 75 78 82 80 64 79 52 51 34 42 53 68 83 70 77 84 81 63 67 62 59 47 49 45 48 40 41 54 55 43 46 65 37 30 27 22 28 18 16 17 13 96 94 95 90 97 7 5 6 88 50 56 25 86 35 4 23 15 73 29 31 89 85 61 92 99 19 87 72 93 9 2 8 14 12 11 98 100
geracao 291: 1 91 3 10 24 32 33 44 36 38 39 20 21 26 60 57 58 66 69 74 71 76 75 78 82 80 64 79 52 51 34 42 53 68 83 70 77 84 81 63 67 62 59 47 49 45 48 40 41 54 55 43 46 65 37 30 27 22 28 18 16 17 13 96 94 6 5 7 97 90 95 88 50 56 25 86 35 4 23 15 73 29 31 89 85 61 92 99 19 87 72 93 9 2 8 14 12 11 98 100
geracao 307: 1 91 3 10 24 32 33 44 36 38 39 20 21 26 60 57 58 66 69 74 71 76 75 78 82 80 64 79 52 51 34 42 53 68 83 70 77 84 81 63 67 62 59 40 48 45 49 47 41 54 55 43 46 65 37 30 27 22 28 18 16 17 13 96 94 6 5 7 97 90 95 88 50 56 25 86 35 4 23 15 73 29 31 89 85 61 92 99 19 87 72 93 9 2 8 14 12 11 98 100
geracao 308: 1 91 3 10 24 32 33 44 36 38 39 20 21 26 60 57 58 66 69 74 71 76 75 78 82 80 64 79 52 51 34 42 53 68 83 70 77 84 81 63 67 62 59 40 48 45 49 47 41 54 55 43 46 65 37 30 27 22 28 18 16 17 13 96 94 6 5 7 97 90 95 88 50 56 25 86 35 4 23 15 73 29 31 89 85 61 92 99 19 87 72 93 9 2 8 14 12 11 100 98
geracao 330: 12 91 3 10 24 32 33 44 36 38 39 20 21 26 53 42 34 51 52 79 64 80 82 78 75 76 71 74 69 66 58 57 60 68 83 70 77 84 81 63 67 62 59 40 48 45 49 47 41 54 55 43 46 65 37 30 27 22 28 18 16 17 13 96 94 6 5 7 97 90 95 25 56 50 88 86 35 4 23 15 73 29 31 89 85 61 92 99 19 87 72 93 9 2 8 14 11 100 98 1
geracao 331: 12 91 3 10 24 32 33 44 36 38 39 20 21 26 53 42 34 51 52 79 64 80 82 78 75 76 71 74 69 66 58 57 60 68 83 70 77 84 81 63 67 62 59 40 48 45 49 47 41 54 55 43 46 65 37 30 27 22 28 18 16 17 13 96 94 6 5 7 97 90 95 88 50 56 25 86 35 4 23 15 73 29 31 89 85 61 92 99 19 87 72 93 9 2 8 14 11 100 98 1
geracao 333: 12 91 3 10 24 32 33 44 36 38 39 20 21 26 42 34 51 52 53 79 64 80 82 78 75 76 71 74 69 66 58 57 60 68 83 70 77 84 81 63 67 62 59 40 48 45 49 47 41 54 55 43 46 65 37 30 27 22 28 18 16 17 13 96 94 6 5 7 97 90 95 25 56 50 88 86 35 4 23 15 73 29 31 89 85 61 92 99 19 87 72 93 9 2 8 14 11 100 98 1
geracao 335: 88 91 3 10 24 32 33 44 36 38 39 20 21 26 53 42 34 51 52 79 64 80 82 78 75 76 71 74 69 66 58 57 60 68 83 70 77 84 81 63 67 62 59 40 48 45 49 47 41 54 55 43 46 65 37 30 27 22 28 18 16 17 13 96 94 6 5 7 97 90 95 12 1 98 100 11 14 8 2 9 93 72 87 19 99 92 61 85 89 31 29 73 15 23 4 35 86 25 56 50
geracao 337: 88 91 3 10 24 32 33 44 36 38 39 20 21 26 42 34 51 52 53 79 64 80 82 78 75 76 71 74 69 66 58 57 60 68 83 70 77 84 81 63 67 62 59 40 48 45 49 47 41 54 55 43 46 65 37 30 27 22 28 18 16 17 13 96 94 6 5 7 97 90 95 12 1 98 100 11 14 8 2 9 93 72 87 19 99 92 61 85 89 31 29 73 15 23 4 35 86 25 56 50
geracao 360: 88 91 3 10 24 32 39 26 21 20 33 44 36 38 42 34 51 52 53 79 64 80 82 78 75 76 71 74 69 66 58 57 60 68 83 70 77 84 81 63 67 62 59 40 48 45 49 47 41 54 55 43 46 65 37 30 27 22 28 18 16 17 13 96 94 6 5 7 97 90 95 12 98 1 100 11 14 8 2 9 93 72 87 19 99 92 61 85 89 31 29 73 15 23 4 35 86 25 56 50
geracao 361: 88 91 3 10 24 32 39 26 21 20 33 44 36 38 42 34 51 52 53 79 64 80 82 78 75 76 71 74 69 66 58 57 60 68 83 70 77 84 81 63 67 62 59 40 48 45 49 47 41 54 55 43 46 65 37 30 27 22 28 18 16 17 13 96 94 6 5 7 97 90 95 12 1 98 100 11 14 8 2 9 93 72 87 19 99 92 61 85 89 31 29 73 15 23 4 35 86 25 56 50
geracao 363: 88 91 3 10 24 32 39 26 21 20 33 44 36 38 42 34 51 52 53 79 64 80 82 78 75 76 71 74 69 66 58 57 60 68 83 70 77 84 81 63 67 62 59 40 48 45 49 47 41 54 55 43 46 65 37 30 27 22 28 18 16 17 13 96 94 6 5 7 97 90 86 25 56 50 35 4 23 15 73 29 31 89 85 61 92 99 19 87 72 93 9 2 8 14 11 100 98 1 12 95
geracao 367: 88 91 3 10 24 32 39 26 21 20 33 44 36 38 42 34 51 52 53 79 64 80 82 78 75 76 71 74 69 66 58 57 60 68 83 70 77 84 81 63 67 62 59 40 48 45 49 47 41 54 55 43 46 65 37 30 27 22 28 18 16 17 13 96 94 6 5 7 97 90 95 12 1 98 100 11 14 8 2 9 93 72 87 19 99 92 61 85 89 31 29 73 15 23 4 35 50 56 25 86
geracao 380: 98 1 3 10 24 32 39 26 21 20 33 44 36 38 42 34 51 52 53 79 64 80 82 78 75 76 71 74 69 66 58 57 60 68 83 70 77 84 81 63 67 62 59 40 48 45 49 47 41 54 55 43 46 65 37 30 27 22 28 18 16 17 13 96 94 6 5 7 97 90 95 12 11 14 8 2 9 93 72 87 19 99 92 61 85 89 31 29 73 15 23 4 35 50 56 25 86 88 91 100
geracao 382: 14 11 3 10 24 32 39 26 21 20 33 44 36 38 42 34 51 52 53 79 64 80 82 78 75 76 71 74 69 66 58 57 60 68 83 70 77 84 81 63 67 62 59 40 48 45 49 47 41 54 55 43 46 65 37 30 27 22 28 18 16 17 13 96 94 6 5 7 97 90 95 12 1 98 100 91 88 86 25 56 50 35 4 23 15 73 29 31 89 85 61 92 99 19 87 72 93 9 2 8
geracao 398: 2 8 14 10 24 32 39 26 21 20 33 44 36 38 42 34 51 52 53 79 64 80 82 78 75 76 71 74 69 66 58 57 60 68 83 70 77 84 81 63 67 62 59 40 48 45 49 47 41 54 55 43 46 65 37 30 27 22 28 18 16 17 13 96 94 6 5 7 97 90 95 12 11 3 98 1 100 91 88 86 25 56 50 35 4 23 15 73 29 31 89 85 61 92 99 19 87 72 93 9
geracao 401: 2 8 14 10 24 32 39 26 21 20 33 44 36 38 42 34 51 52 53 79 64 80 82 78 75 76 71 74 69 66 58 57 60 68 83 70 77 84 81 63 67 62 59 40 48 45 49 47 41 54 55 43 46 65 37 30 27 22 28 18 16 17 13 96 94 6 5 7 97 90 95 12 11 3 98 1 100 91 88 86 25 56 50 35 4 23 15 73 29 31 89 99 92 61 85 19 87 72 93 9
geracao 409: 2 8 14 10 24 32 39 26 21 20 33 44 36 38 42 34 51 52 53 79 64 80 82 78 75 76 71 74 69 66 58 57 60 68 83 70 77 84 81 63 67 62 59 40 48 45 49 47 41 54 55 43 46 65 37 30 27 22 28 18 16 17 13 90 97 7 5 6 94 96 95 12 11 3 98 1 100 91 88 86 25 56 50 35 4 23 15 73 29 31 89 99 92 61 85 19 87 72 93 9
geracao 412: 2 8 14 10 24 32 39 26 21 20 33 44 36 38 42 34 51 52 53 79 64 80 82 78 75 76 71 74 69 66 58 57 60 68 83 70 77 84 81 63 67 62 59 40 48 45 49 47 41 54 55 43 46 65 37 30 27 22 28 18 16 17 13 90 97 7 5 6 94 96 95 12 11 3 98 1 100 91 88 86 25 56 50 35 4 23 29 73 15 31 89 99 92 61 85 19 87 72 93 9
geracao 429: 2 8 14 10 24 32 39 26 21 20 33 44 36 38 42 34 51 52 53 79 64 80 82 78 75 76 71 74 69 66 58 57 60 68 83 70 77 84 81 63 67 62 59 40 48 45 49 47 41 54 55 43 46 65 37 30 27 22 28 18 16 17 13 6 5 7 97 90 25 56 50 35 4 23 29 73 15 31 89 99 92 61 85 19 87 72 93 98 1 100 91 88 86 94 96 95 12 11 3 9
geracao 430: 2 8 14 10 24 32 39 26 21 20 33 44 36 38 42 34 51 52 53 79 64 80 82 78 75 76 71 74 69 66 58 57 60 68 83 70 77 84 81 63 67 62 59 40 48 45 49 47 41 54 55 43 46 65 37 30 27 22 28 18 16 17 13 6 5 7 97 90 94 96 95 12 11 3 98 1 100 91 88 86 25 56 50 35 4 23 29 73 15 31 89 99 92 61 85 19 87 72 93 9
geracao 440: 2 8 14 10 24 32 39 26 21 20 33 44 36 38 42 34 51 52 53 79 64 80 82 78 75 76 71 74 69 66 58 57 60 68 83 70 77 84 81 63 67 62 59 40 48 45 49 47 41 54 55 43 46 65 37 30 27 22 28 18 16 17 13 6 5 7 95 97 96 94 90 12 11 3 98 1 100 91 88 86 25 56 50 35 4 23 29 73 15 31 89 99 92 61 85 19 87 72 93 9
geracao 443: 2 8 14 10 24 32 39 26 21 20 33 44 36 38 42 34 51 52 53 79 64 80 82 78 75 76 71 74 69 66 58 57 60 68 83 70 77 84 81 63 67 62 59 41 47 49 45 48 40 54 55 43 46 65 37 30 27 22 28 18 16 17 13 6 5 7 95 97 96 94 90 12 11 3 98 1 100 91 88 86 25 56 50 35 4 23 29 73 15 31 89 99 92 61 85 19 87 72 93 9
geracao 444: 2 8 14 10 24 32 39 26 21 20 33 44 36 38 42 34 51 52 53 79 64 80 82 78 75 76 71 74 69 66 58 57 60 68 83 70 77 84 81 63 67 62 59 47 41 49 45 48 40 54 55 43 46 65 37 30 27 22 28 18 16 17 13 6 5 7 95 97 96 94 90 12 11 3 98 1 100 91 88 86 25 56 50 35 4 23 29 73 15 31 89 99 92 61 85 19 87 72 93 9
geracao 458: 2 8 14 10 24 32 39 26 21 20 33 44 36 38 42 34 51 52 53 79 64 80 82 78 75 76 71 74 69 66 58 57 60 68 83 70 77 84 81 63 67 62 59 41 47 49 45 48 40 54 55 43 46 65 37 30 27 22 28 18 16 17 13 6 5 7 95 97 96 94 90 12 11 3 98 1 100 91 88 86 25 56 50 35 29 23 4 73 15 31 89 99 92 61 85 19 87 72 93 9
geracao 459: 2 8 14 10 24 32 39 26 21 20 33 44 36 38 42 34 51 52 53 79 64 80 82 78 75 76 71 74 69 66 58 57 60 68 83 70 77 84 81 63 67 62 59 47 41 49 45 48 40 54 55 43 46 65 37 30 27 22 28 18 16 17 13 6 5 7 95 97 96 94 90 12 11 3 98 1 100 91 88 86 25 56 50 35 29 23 4 73 15 31 89 99 92 61 85 19 87 72 93 9
geracao 490: 2 8 14 10 24 32 39 26 21 20 33 44 36 38 42 34 51 52 53 79 64 80 82 78 75 76 71 74 69 66 58 57 60 68 83 70 77 84 81 63 67 62 59 47 41 48 45 49 40 54 55 43 46 65 37 30 27 22 28 18 16 17 13 6 5 7 95 97 96 94 90 12 11 3 98 1 100 91 88 86 25 56 50 35 29 23 4 73 15 31 89 99 92 61 85 19 87 72 93 9
geracao 492: 2 8 14 10 24 32 39 26 21 20 33 44 36 38 42 34 51 52 53 79 64 80 82 78 75 76 71 74 69 66 58 57 60 68 83 70 77 84 81 63 67 62 59 47 41 45 48 49 40 54 55 43 46 65 37 30 27 22 28 18 16 17 13 6 5 7 95 97 96 94 90 12 11 3 98 1 100 91 88 86 25 56 50 35 29 23 4 73 15 31 89 99 92 61 85 19 87 72 93 9
geracao 502: 2 8 14 10 24 32 39 26 21 20 33 44 52 51 34 42 38 36 53 79 64 80 82 78 75 76 71 74 69 66 58 57 60 68 83 70 77 84 81 63 67 62 59 47 41 45 48 49 40 54 55 43 46 65 37 30 27 22 28 18 16 17 13 6 5 7 95 97 96 94 90 12 11 3 98 1 100 91 88 86 25 56 50 35 29 23 4 73 15 31 89 99 92 61 85 19 87 72 93 9
geracao 503: 2 8 14 10 24 32 39 26 21 20 33 44 38 42 34 51 52 36 53 79 64 80 82 78 75 76 71 74 69 66 58 57 60 68 83 70 77 84 81 63 67 62 59 47 41 45 48 49 40 54 55 43 46 65 37 30 27 22 28 18 16 17 13 6 5 7 95 97 96 94 90 12 11 3 98 1 100 91 88 86 25 56 50 35 29 23 4 73 15 31 89 99 92 61 85 19 87 72 93 9
geracao 537: 2 8 14 10 24 32 39 26 21 20 33 44 38 42 34 51 52 36 53 79 64 80 82 78 75 76 71 74 69 66 58 57 60 68 83 70 77 84 81 63 67 62 59 47 41 45 48 49 40 54 55 43 46 65 37 30 27 22 28 18 16 17 13 6 5 7 95 97 96 94 90 12 11 99 92 61 85 19 87 72 93 89 31 15 73 4 23 29 35 50 56 25 86 88 91 100 1 98 3 9
geracao 539: 2 8 14 10 24 32 39 26 21 20 33 44 38 42 34 51 52 36 53 79 64 80 82 78 75 76 71 74 69 66 58 57 60 68 83 70 77 84 81 63 67 62 59 47 41 45 48 49 40 54 55 43 46 65 37 30 27 22 28 18 16 17 13 6 5 7 95 97 96 94 90 12 11 1 100 91 88 86 25 56 50 35 29 23 4 73 15 31 89 99 92 61 85 19 87 72 93 98 3 9
geracao 555: 14 10 24 32 39 26 21 20 33 44 38 42 34 51 52 36 53 79 64 80 82 78 75 76 71 74 69 66 58 57 60 68 83 70 77 84 81 63 67 62 59 47 41 45 48 49 40 54 55 43 46 65 37 30 27 22 28 18 16 17 13 6 5 7 95 97 96 94 90 12 11 1 100 91 88 86 25 56 50 35 29 23 4 73 15 31 89 99 92 61 85 19 87 72 93 98 3 9 2 8
geracao 558: 14 10 24 32 39 26 21 20 33 44 38 52 51 34 42 36 53 79 64 80 82 78 75 76 71 74 69 66 58 57 60 68 83 70 77 84 81 63 67 62 59 47 41 45 48 49 40 54 55 43 46 65 37 30 27 22 28 18 16 17 13 6 5 7 95 97 96 94 90 12 11 1 100 91 88 86 25 56 50 35 29 23 4 73 15 31 89 99 92 61 85 19 87 72 93 98 3 9 2 8
geracao 567: 14 10 24 32 39 26 21 20 33 44 38 52 51 34 42 36 53 79 64 80 82 78 75 76 71 74 69 66 58 57 60 68 83 70 77 84 81 63 67 62 59 47 41 45 48 49 40 54 55 43 46 65 37 30 27 22 28 18 16 17 13 6 5 7 95 97 96 94 90 12 11 1 100 91 88 86 25 56 50 35 29 23 4 73 15 31 72 87 19 85 61 92 99 89 93 98 3 9 2 8
geracao 572: 14 10 24 32 39 26 21 20 33 44 38 52 51 34 42 36 53 79 64 80 82 78 75 76 71 74 69 66 58 57 60 68 83 70 77 84 81 63 67 62 59 47 41 45 48 49 40 54 55 43 46 65 37 30 27 22 28 18 17 16 13 6 5 7 95 97 96 94 90 12 11 1 100 91 88 86 25 56 50 35 29 23 4 73 15 31 72 87 19 85 61 92 99 89 93 98 3 9 2 8
geracao 584: 14 10 24 32 39 26 21 20 33 44 38 52 51 34 42 36 53 78 82 80 64 79 75 76 71 74 69 66 58 57 60 68 83 70 77 84 81 63 67 62 59 47 41 45 48 49 40 54 55 43 46 65 37 30 27 22 28 18 17 16 13 6 5 7 95 97 96 94 90 12 11 1 100 91 88 86 25 56 50 35 29 23 4 73 15 31 72 87 19 85 61 92 99 89 93 98 3 9 2 8
geracao 657: 14 10 24 32 39 26 21 20 33 44 38 52 51 34 42 36 53 78 82 80 64 69 74 71 76 75 79 66 58 57 60 68 83 70 77 84 81 63 67 62 59 47 41 45 48 49 40 54 55 43 46 65 37 30 27 22 28 18 17 16 13 6 5 7 95 97 96 94 90 12 11 1 100 91 88 86 25 56 50 35 29 23 4 73 15 31 72 87 19 85 61 92 99 89 93 98 3 9 2 8
geracao 665: 14 10 24 32 39 26 21 20 33 44 38 52 51 34 42 36 53 78 82 80 64 69 74 71 76 75 79 66 58 57 60 68 77 70 83 84 81 63 67 62 59 47 41 45 48 49 40 54 55 43 46 65 37 30 27 22 28 18 17 16 13 6 5 7 95 97 96 94 90 12 11 1 100 91 88 86 25 56 50 35 29 23 4 73 15 31 72 87 19 85 61 92 99 89 93 98 3 9 2 8
geracao 687: 14 10 24 32 39 26 21 20 33 44 38 52 53 36 42 34 51 78 82 80 64 69 74 71 76 75 79 66 58 57 60 68 77 70 83 84 81 63 67 62 59 47 41 45 48 49 40 54 55 43 46 65 37 30 27 22 28 18 17 16 13 6 5 7 95 97 96 94 90 12 11 1 100 91 88 86 25 56 50 35 29 23 4 73 15 31 72 87 19 85 61 92 99 89 93 98 3 9 2 8
geracao 696: 14 10 24 32 39 26 21 20 33 44 38 52 36 42 34 51 53 78 82 80 64 69 74 71 76 75 79 66 58 57 60 68 77 70 83 84 81 63 67 62 59 47 41 45 48 49 40 54 55 43 46 65 37 30 27 22 28 18 17 16 13 6 5 7 95 97 96 94 90 12 11 1 100 91 88 86 25 56 50 35 29 23 4 73 15 31 72 87 19 85 61 92 99 89 93 98 3 9 2 8
geracao 742: 14 10 24 32 39 33 20 21 26 44 38 52 36 42 34 51 53 78 82 80 64 69 74 71 76 75 79 66 58 57 60 68 77 70 83 84 81 63 67 62 59 47 41 45 48 49 40 54 55 43 46 65 37 30 27 22 28 18 17 16 13 6 5 7 95 97 96 94 90 12 11 1 100 91 88 86 25 56 50 35 29 23 4 73 15 31 72 87 19 85 61 92 99 89 93 98 3 9 2 8
geracao 743: 14 10 24 32 39 44 33 20 21 26 38 52 36 42 34 51 53 78 82 80 64 69 74 71 76 75 79 66 58 57 60 68 77 70 83 84 81 63 67 62 59 47 41 45 48 49 40 54 55 43 46 65 37 30 27 22 28 18 17 16 13 6 5 7 95 97 96 94 90 12 11 1 100 91 88 86 25 56 50 35 29 23 4 73 15 31 72 87 19 85 61 92 99 89 93 98 3 9 2 8
geracao 887: 14 10 24 32 39 44 33 20 21 26 38 52 36 42 34 51 53 78 82 80 64 69 74 71 76 75 79 66 58 57 60 68 77 70 83 84 81 63 67 62 59 47 41 45 48 49 40 43 46 65 54 55 37 30 27 22 28 18 17 16 13 6 5 7 95 97 96 94 90 12 11 1 100 91 88 86 25 56 50 35 29 23 4 73 15 31 72 87 19 85 61 92 99 89 93 98 3 9 2 8
geracao 892: 32 39 44 33 20 21 26 38 52 36 42 34 51 53 78 82 80 64 69 74 71 76 75 79 66 58 57 60 68 77 70 54 55 65 83 84 81 63 67 62 59 47 41 45 48 49 40 43 46 37 30 27 22 28 18 17 16 13 6 5 7 95 97 96 94 90 12 11 1 100 91 88 86 25 56 50 35 29 23 4 73 15 31 72 87 19 85 61 92 99 89 93 98 3 9 2 8 14 10 24
geracao 893: 32 39 44 33 20 21 26 38 52 36 42 34 51 53 78 82 80 64 69 74 71 76 75 79 66 58 57 60 68 77 70 83 84 81 63 67 62 59 47 41 45 48 49 65 54 55 40 43 46 37 30 27 22 28 18 17 16 13 6 5 7 95 97 96 94 90 12 11 1 100 91 88 86 25 56 50 35 29 23 4 73 15 31 72 87 19 85 61 92 99 89 93 98 3 9 2 8 14 10 24
geracao 919: 32 39 44 33 20 21 26 38 52 36 42 34 51 53 78 82 80 64 69 74 71 76 75 79 66 58 57 60 68 77 70 83 84 81 63 67 62 59 55 54 65 49 48 45 41 47 40 43 46 37 30 27 22 28 18 17 16 13 6 5 7 95 97 96 94 90 12 11 1 100 91 88 86 25 56 50 35 29 23 4 73 15 31 72 87 19 85 61 92 99 89 93 98 3 9 2 8 14 10 24
geracao 924: 32 39 44 33 20 21 26 38 52 36 42 34 51 53 78 82 80 64 69 74 71 76 75 79 66 58 57 60 68 77 70 83 84 81 63 67 62 59 65 54 55 49 48 45 41 47 40 43 46 37 30 27 22 28 18 17 16 13 6 5 7 95 97 96 94 90 12 11 1 100 91 88 86 25 56 50 35 29 23 4 73 15 31 72 87 19 85 61 92 99 89 93 98 3 9 2 8 14 10 24
geracao 933: 32 44 39 33 20 21 26 38 52 36 42 34 51 53 78 82 80 64 69 74 71 76 75 79 66 58 57 60 68 77 70 83 84 81 63 67 62 59 65 54 55 49 48 45 41 47 40 43 46 37 30 27 22 28 18 17 16 13 6 5 7 95 97 96 94 90 12 11 1 100 91 88 86 25 56 50 35 29 23 4 73 15 31 72 87 19 85 61 92 99 89 93 98 3 9 2 8 14 10 24
geracao 938: 32 44 39 33 20 21 26 38 52 36 42 34 51 53 78 82 80 64 69 74 71 76 75 79 66 58 57 60 68 77 70 83 84 81 63 67 62 59 65 54 55 49 48 45 41 47 40 43 46 37 30 27 22 28 18 17 16 13 7 5 6 95 97 96 94 90 12 11 1 100 91 88 86 25 56 50 35 29 23 4 73 15 31 72 87 19 85 61 92 99 89 93 98 3 9 2 8 14 10 24
geracao 983: 32 44 39 33 20 21 26 38 52 36 42 34 51 53 78 82 80 64 69 74 71 76 75 79 66 58 57 60 68 77 70 83 84 81 63 67 62 59 65 54 55 49 48 45 41 47 40 43 46 37 30 27 22 28 18 17 16 13 7 5 6 95 97 96 94 90 12 11 1 98 100 91 88 86 25 56 50 35 29 23 4 73 15 31 72 87 19 85 61 92 99 89 93 3 9 2 8 14 10 24
geracao 989: 32 44 39 33 20 21 26 38 52 36 42 34 51 53 78 82 80 64 69 74 71 76 75 79 66 58 57 60 68 77 70 83 84 81 63 67 62 65 59 54 55 49 48 45 41 47 40 43 46 37 30 27 22 28 18 17 16 13 7 5 6 95 97 96 94 90 12 11 1 98 100 91 88 86 25 56 50 35 29 23 4 73 15 31 72 87 19 85 61 92 99 89 93 3 9 2 8 14 10 24
geracao 990: 32 44 39 33 20 21 26 38 52 36 42 34 51 53 78 82 80 64 69 74 71 76 75 79 66 58 57 60 68 77 70 83 84 81 63 67 62 65 59 54 55 49 48 45 41 47 40 43 46 37 30 27 22 28 18 17 16 13 7 5 6 95 97 96 94 90 12 11 1 100 98 91 88 86 25 56 50 35 29 23 4 73 15 31 72 87 19 85 61 92 99 89 93 3 9 2 8 14 10 24
geracao 1005: 32 26 21 20 33 39 44 38 52 36 42 34 51 53 78 82 80 64 69 74 71 76 75 79 66 58 57 60 68 77 70 83 84 81 63 67 62 65 59 54 55 49 48 45 41 47 40 43 46 37 30 27 22 28 18 17 16 13 7 5 6 95 97 96 94 90 12 11 1 100 98 91 88 86 25 56 50 35 29 23 4 73 15 31 72 87 19 85 61 92 99 89 93 3 9 2 8 14 10 24
geracao 1035: 32 26 21 20 33 39 44 38 52 36 42 34 51 53 58 66 79 75 76 71 74 69 64 80 82 78 57 60 68 77 70 83 84 81 63 67 62 65 59 54 55 49 48 45 41 47 40 43 46 37 30 27 22 28 18 17 16 13 7 5 6 95 97 96 94 90 12 11 1 100 98 91 88 86 25 56 50 35 29 23 4 73 15 31 72 87 19 85 61 92 99 89 93 3 9 2 8 14 10 24
geracao 1063: 32 26 21 20 33 39 44 38 52 36 42 34 51 53 58 60 57 78 82 80 64 69 74 71 76 75 79 66 68 77 70 83 84 81 63 67 62 65 59 54 55 49 48 45 41 47 40 43 46 37 30 27 22 28 18 17 16 13 7 5 6 95 97 96 94 90 12 11 1 100 98 91 88 86 25 56 50 35 29 23 4 73 15 31 72 87 19 85 61 92 99 89 93 3 9 2 8 14 10 24
geracao 1066: 32 26 21 20 33 39 44 38 52 36 42 34 51 53 58 57 60 78 82 80 64 69 74 71 76 75 79 66 68 77 70 83 84 81 63 67 62 65 59 54 55 49 48 45 41 47 40 43 46 37 30 27 22 28 18 17 16 13 7 5 6 95 97 96 94 90 12 11 1 100 98 91 88 86 25 56 50 35 29 23 4 73 15 31 72 87 19 85 61 92 99 89 93 3 9 2 8 14 10 24
geracao 1087: 32 26 21 20 33 39 44 38 52 36 42 34 51 53 58 57 60 78 82 80 64 69 74 71 76 75 79 66 68 77 70 83 84 81 63 67 62 65 59 54 55 49 48 45 41 47 40 43 46 37 30 27 22 28 18 17 16 13 7 5 6 95 97 96 94 90 12 11 1 100 98 91 88 86 25 56 50 35 29 23 4 73 72 31 15 87 19 85 61 92 99 89 93 3 9 2 8 14 10 24
geracao 1106: 32 26 21 20 33 39 44 38 52 36 42 34 51 53 58 57 60 78 82 80 64 69 74 79 75 76 71 66 68 77 70 83 84 81 63 67 62 65 59 54 55 49 48 45 41 47 40 43 46 37 30 27 22 28 18 17 16 13 7 5 6 95 97 96 94 90 12 11 1 100 98 91 88 86 25 56 50 35 29 23 4 73 72 31 15 87 19 85 61 92 99 89 93 3 9 2 8 14 10 24
geracao 1142: 26 21 20 33 39 44 38 52 36 42 34 51 53 58 57 60 78 82 80 64 69 74 79 75 76 71 66 68 77 70 83 84 81 63 67 62 65 59 54 55 49 48 45 41 47 40 43 46 37 30 27 22 28 18 17 16 13 7 5 6 95 97 96 94 90 12 11 1 100 98 91 88 86 25 56 50 35 29 23 4 73 72 31 15 87 19 85 61 92 99 89 93 3 9 2 8 14 10 24 32
geracao 1152: 26 21 20 33 39 44 38 52 36 42 34 51 53 58 57 60 78 82 80 64 69 74 79 75 76 71 66 68 77 70 83 84 81 65 62 67 63 59 54 55 49 48 45 41 47 40 43 46 37 30 27 22 28 18 17 16 13 7 5 6 95 97 96 94 90 12 11 1 100 98 91 88 86 25 56 50 35 29 23 4 73 72 31 15 87 19 85 61 92 99 89 93 3 9 2 8 14 10 24 32
geracao 1161: 26 21 20 33 39 44 38 52 36 42 34 51 53 58 57 60 78 82 80 64 69 74 79 75 76 71 66 68 77 70 83 84 81 65 62 67 63 59 54 55 49 48 45 41 47 40 43 46 37 30 27 22 28 18 17 16 13 7 5 6 95 97 96 94 90 12 11 1 100 98 91 88 86 25 56 50 35 73 72 31 15 87 4 23 29 19 85 61 92 99 89 93 3 9 2 8 14 10 24 32
geracao 1212: 26 21 20 33 39 44 38 52 36 42 34 51 53 58 57 60 78 82 80 64 69 74 79 75 76 71 66 68 77 70 83 84 81 65 62 67 63 59 54 55 49 48 45 41 47 40 43 46 37 30 27 22 28 18 17 16 13 7 5 6 95 97 96 94 90 12 11 1 100 98 91 88 86 25 56 50 35 73 72 31 23 15 87 4 29 19 85 61 92 99 89 93 3 9 2 8 14 10 24 32
geracao 1224: 20 26 32 33 39 44 38 52 36 42 34 51 53 58 57 60 78 82 80 64 69 74 79 75 76 71 66 68 77 70 83 84 81 65 62 67 63 59 54 55 49 48 45 41 47 40 43 46 37 30 27 22 28 18 17 16 13 7 5 6 95 97 96 94 90 12 11 1 100 98 91 88 86 25 56 50 35 73 72 31 23 15 87 4 29 19 85 61 92 99 89 93 3 9 2 8 14 10 24 21
geracao 1332: 20 26 32 33 39 44 38 52 36 42 34 51 53 58 57 60 78 82 80 64 69 74 79 75 76 71 66 68 77 70 83 84 81 65 62 67 63 59 54 55 49 48 45 41 47 40 43 46 37 30 27 22 28 18 17 16 13 7 5 6 95 97 96 94 90 12 11 1 100 98 91 88 86 25 56 50 35 73 72 29 4 87 15 23 31 19 85 61 92 99 89 93 9 3 2 8 14 10 24 21
geracao 1439: 20 26 32 33 39 44 38 52 42 34 36 51 53 58 57 60 78 82 80 64 69 74 79 75 76 71 66 68 77 70 83 84 81 65 62 67 63 59 54 55 49 48 45 41 47 40 43 46 37 30 27 22 28 18 17 16 13 7 5 6 95 97 96 94 90 12 11 1 100 98 91 88 86 25 56 50 35 73 72 29 4 87 15 23 31 19 85 61 92 99 89 93 9 3 2 8 14 10 24 21
geracao 1491: 20 26 32 33 39 44 38 52 42 34 36 51 53 58 57 60 71 76 75 79 74 69 64 80 82 78 66 68 77 70 83 84 81 65 62 67 63 59 54 55 49 48 45 41 47 40 43 46 37 30 27 22 28 18 17 16 13 7 5 6 95 97 96 94 90 12 11 1 100 98 91 88 86 25 56 50 35 73 72 29 4 87 15 23 31 19 85 61 92 99 89 93 9 3 2 8 14 10 24 21
geracao 1637: 20 26 32 33 39 44 38 52 42 34 36 51 53 58 57 60 71 76 75 79 74 69 64 80 82 78 66 68 77 70 83 84 81 65 67 62 63 59 54 55 49 48 45 41 47 40 43 46 37 30 27 22 28 18 17 16 13 7 5 6 95 97 96 94 90 12 11 1 100 98 91 88 86 25 56 50 35 73 72 29 4 87 15 23 31 19 85 61 92 99 89 93 9 3 2 8 14 10 24 21
geracao 1850: 20 26 32 33 39 44 38 52 42 34 36 51 53 58 57 60 66 78 82 80 64 69 74 79 75 76 71 68 77 70 83 84 81 65 67 62 63 59 54 55 49 48 45 41 47 40 43 46 37 30 27 22 28 18 17 16 13 7 5 6 95 97 96 94 90 12 11 1 100 98 91 88 86 25 56 50 35 73 72 29 4 87 15 23 31 19 85 61 92 99 89 93 9 3 2 8 14 10 24 21
geracao 1905: 20 26 32 33 39 44 38 52 42 36 34 51 53 58 57 60 66 78 82 80 64 69 74 79 75 76 71 68 77 70 83 84 81 65 67 62 63 59 54 55 49 48 45 41 47 40 43 46 37 30 27 22 28 18 17 16 13 7 5 6 95 97 96 94 90 12 11 1 100 98 91 88 86 25 56 50 35 73 72 29 4 87 15 23 31 19 85 61 92 99 89 93 9 3 2 8 14 10 24 21
geracao 1966: 20 26 32 33 39 44 38 52 42 36 34 51 53 58 57 60 66 78 82 80 64 69 74 79 75 76 71 68 77 70 83 84 81 65 67 62 63 59 54 55 49 48 45 41 47 40 43 46 37 30 27 28 22 18 17 16 13 7 5 6 95 97 96 94 90 12 11 1 100 98 91 88 86 25 56 50 35 73 72 29 4 87 15 23 31 19 85 61 92 99 89 93 9 3 2 8 14 10 24 21
geracao 1996: 20 26 32 33 39 44 38 52 42 36 34 51 53 58 57 60 66 78 82 80 64 69 74 79 75 76 71 68 77 70 83 84 81 65 67 62 63 59 54 55 49 48 47 41 45 40 43 46 37 30 27 28 22 18 17 16 13 7 5 6 95 97 96 94 90 12 11 1 100 98 91 88 86 25 56 50 35 73 72 29 4 87 15 23 31 19 85 61 92 99 89 93 9 3 2 8 14 10 24 21
geracao 2128: 34 51 53 58 57 60 66 78 82 80 64 69 74 79 75 76 71 68 77 70 83 84 81 65 67 62 63 59 54 55 49 48 47 41 45 40 43 46 37 30 27 28 22 18 17 16 13 7 5 6 95 97 96 94 90 12 11 1 100 98 91 88 86 25 56 50 35 73 72 29 4 87 15 23 31 19 85 61 92 99 89 93 9 3 2 8 14 10 24 21 20 26 32 33 39 44 38 52 42 36
geracao 2404: 34 51 53 58 57 60 66 74 69 64 80 82 78 79 75 76 71 68 77 70 83 84 81 65 67 62 63 59 54 55 49 48 47 41 45 40 43 46 37 30 27 28 22 18 17 16 13 7 5 6 95 97 96 94 90 12 11 1 100 98 91 88 86 25 56 50 35 73 72 29 4 87 15 23 31 19 85 61 92 99 89 93 9 3 2 8 14 10 24 21 20 26 32 33 39 44 38 52 42 36
geracao 2570: 34 51 53 58 57 60 66 74 69 64 80 82 78 79 75 76 71 68 77 70 83 84 81 65 67 62 63 59 54 55 49 48 47 41 45 40 43 46 37 30 27 28 22 18 17 16 13 7 6 5 95 97 96 94 90 12 11 1 100 98 91 88 86 25 56 50 35 73 72 29 4 87 15 23 31 19 85 61 92 99 89 93 9 3 2 8 14 10 24 21 20 26 32 33 39 44 38 52 42 36
geracao 2748: 34 51 53 58 57 60 66 64 69 74 80 82 78 79 75 76 71 68 77 70 83 84 81 65 67 62 63 59 54 55 49 48 47 41 45 40 43 46 37 30 27 28 22 18 17 16 13 7 6 5 95 97 96 94 90 12 11 1 100 98 91 88 86 25 56 50 35 73 72 29 4 87 15 23 31 19 85 61 92 99 89 93 9 3 2 8 14 10 24 21 20 26 32 33 39 44 38 52 42 36
geracao 2789: 34 51 53 58 57 60 66 64 69 74 80 82 78 79 75 76 71 68 77 70 83 84 81 65 67 62 63 59 54 55 49 48 47 41 45 40 43 46 37 30 27 28 22 18 17 16 13 7 6 5 95 97 96 94 90 12 11 1 100 98 91 88 86 25 56 50 35 73 72 29 4 15 87 23 31 19 85 61 92 99 89 93 9 3 2 8 14 10 24 21 20 26 32 33 39 44 38 52 42 36
geracao 2804: 34 51 53 58 57 60 66 64 69 74 80 82 78 79 75 76 71 68 77 70 83 84 81 65 67 62 63 59 54 55 49 48 47 41 45 40 43 46 37 30 27 28 22 18 17 16 13 7 6 5 95 97 96 94 90 12 11 1 100 98 91 88 86 25 56 50 35 73 72 29 15 4 87 23 31 19 85 61 92 99 89 93 9 3 2 8 14 10 24 21 20 26 32 33 39 44 38 52 42 36
geracao 2875: 34 51 53 58 57 60 66 64 69 74 80 82 78 79 76 75 71 68 77 70 83 84 81 65 67 62 63 59 54 55 49 48 47 41 45 40 43 46 37 30 27 28 22 18 17 16 13 7 6 5 95 97 96 94 90 12 11 1 100 98 91 88 86 25 56 50 35 73 72 29 15 4 87 23 31 19 85 61 92 99 89 93 9 3 2 8 14 10 24 21 20 26 32 33 39 44 38 52 42 36
geracao 2899: 34 51 53 58 57 60 66 64 69 74 80 82 78 79 76 75 71 68 77 70 83 84 81 65 67 62 63 59 54 55 49 48 47 41 45 40 43 46 37 30 27 28 22 18 17 16 13 7 6 5 95 97 96 94 90 12 11 1 100 98 91 88 86 25 56 50 35 73 72 29 15 4 87 23 31 19 61 85 92 99 89 93 9 3 2 8 14 10 24 21 20 26 32 33 39 44 38 52 42 36
geracao 2953: 34 51 53 58 57 60 66 64 69 74 80 82 78 79 76 75 71 68 77 70 83 84 81 65 67 62 63 59 54 55 49 48 47 41 45 40 43 46 37 30 27 28 22 18 17 16 13 7 6 5 12 11 1 100 98 91 88 90 94 96 97 95 86 25 56 50 35 73 72 29 15 4 87 23 31 19 61 85 92 99 89 93 9 3 2 8 14 10 24 21 20 26 32 33 39 44 38 52 42 36
geracao 2975: 34 51 53 58 57 60 66 64 69 74 80 82 78 79 76 75 71 68 77 70 83 84 81 65 67 62 63 59 54 55 49 48 47 41 45 40 43 46 37 30 27 28 22 18 17 16 13 5 6 7 12 11 1 100 98 91 88 90 94 96 97 95 86 25 56 50 35 73 72 29 15 4 87 23 31 19 61 85 92 99 89 93 9 3 2 8 14 10 24 21 20 26 32 33 39 44 38 52 42 36
geracao 3051: 34 51 53 58 57 60 66 64 69 74 80 82 78 79 76 75 71 68 77 70 83 84 81 65 67 62 63 59 54 55 49 48 47 41 45 40 43 46 37 30 27 28 22 18 17 16 13 5 6 7 12 11 1 100 98 89 93 9 3 91 88 90 94 96 97 95 86 25 56 50 35 73 72 29 15 4 87 23 31 19 61 85 92 99 2 8 14 10 24 21 20 26 32 33 39 44 38 52 42 36
geracao 3085: 34 51 53 58 57 60 66 64 69 74 80 82 78 79 76 75 71 68 77 70 83 84 81 65 67 62 63 59 54 55 49 48 47 41 45 40 43 46 37 30 27 28 22 18 17 16 13 5 6 7 12 11 1 100 98 89 93 91 88 90 94 96 97 95 86 25 56 50 35 73 72 29 15 4 87 23 31 19 61 85 92 99 2 8 14 10 9 3 24 21 20 26 32 33 39 44 38 52 42 36
geracao 3605: 34 51 53 58 57 60 66 64 69 74 80 82 78 79 76 75 71 68 77 70 83 84 81 65 67 62 63 59 54 55 49 48 47 41 45 40 43 46 37 30 27 28 22 18 17 16 13 5 6 7 12 11 1 100 98 89 93 91 90 88 94 96 97 95 86 25 56 50 35 73 72 29 15 4 87 23 31 19 61 85 92 99 2 8 14 10 9 3 24 21 20 26 32 33 39 44 38 52 42 36
geracao 3787: 34 51 53 58 57 60 66 64 69 74 80 82 78 79 76 75 71 68 77 70 83 84 81 65 67 62 63 59 54 55 49 48 47 41 45 40 43 46 37 30 27 28 22 18 17 16 13 5 6 7 12 11 1 100 98 93 89 91 90 88 94 96 97 95 86 25 56 50 35 73 72 29 15 4 87 23 31 19 61 85 92 99 2 8 14 10 9 3 24 21 20 26 32 33 39 44 38 52 42 36
geracao 4071: 34 51 53 58 57 60 66 64 69 74 80 82 78 79 76 75 71 68 77 70 83 84 81 65 67 62 63 59 54 55 49 48 47 41 45 40 43 46 37 30 27 28 22 18 17 16 13 6 5 7 12 11 1 100 98 93 89 91 90 88 94 96 97 95 86 25 56 50 35 73 72 29 15 4 87 23 31 19 61 85 92 99 2 8 14 10 9 3 24 21 20 26 32 33 39 44 38 52 42 36
geracao 4424: 34 51 53 58 57 60 66 64 69 74 80 82 78 79 76 75 71 68 77 70 83 84 81 65 67 62 63 59 54 55 49 48 47 41 45 40 43 46 37 30 27 28 22 18 17 16 13 6 5 7 12 11 1 100 98 93 89 91 90 88 94 96 97 95 86 25 56 50 35 73 72 29 15 4 87 23 31 19 61 85 92 99 2 8 14 10 9 3 20 21 24 26 32 33 39 44 38 52 42 36
geracao 4906: 34 51 53 58 57 60 66 64 69 74 80 82 78 79 76 75 71 68 77 70 83 84 81 65 67 62 63 59 54 55 49 48 47 41 45 40 43 46 37 30 27 28 22 18 17 16 13 6 5 7 12 11 1 100 98 91 90 88 94 96 97 95 86 25 56 50 35 73 72 29 15 4 87 23 31 19 61 85 93 89 92 99 2 8 14 10 9 3 20 21 24 26 32 33 39 44 38 52 42 36
geracao 5162: 34 51 53 58 57 60 66 64 69 74 80 82 78 79 76 75 71 68 77 70 83 84 81 65 67 62 63 59 55 54 49 48 47 41 45 40 43 46 37 30 27 28 22 18 17 16 13 6 5 7 12 11 1 100 98 91 90 88 94 96 97 95 86 25 56 50 35 73 72 29 15 4 87 23 31 19 61 85 93 89 92 99 2 8 14 10 9 3 20 21 24 26 32 33 39 44 38 52 42 36
geracao 5189: 57 60 66 64 69 74 80 82 78 79 76 75 71 68 77 70 83 84 81 65 67 62 63 59 55 54 49 48 47 41 45 40 43 46 37 30 27 28 22 18 17 16 13 6 5 7 12 11 1 100 98 91 90 88 94 96 97 95 86 25 56 50 35 73 72 29 15 4 87 23 31 19 61 85 93 89 92 99 2 8 14 10 9 3 20 21 24 26 32 33 39 44 38 52 42 36 34 51 53 58
geracao 5197: 64 69 74 80 82 78 79 76 75 71 68 77 70 83 84 81 65 67 62 63 59 55 54 49 48 47 41 45 40 43 46 37 30 27 28 22 18 17 16 13 6 5 7 12 11 1 100 98 91 90 88 94 96 97 95 86 25 56 50 35 73 72 29 15 4 87 23 31 19 61 85 93 89 92 99 2 8 14 10 9 3 20 21 24 26 32 33 39 44 38 52 42 36 34 51 53 58 57 60 66
geracao 5198: 57 60 66 64 69 74 80 82 78 79 76 75 71 68 77 70 83 84 81 65 67 62 63 59 55 54 49 48 47 41 45 40 43 46 37 30 27 28 22 18 17 16 13 6 5 7 12 11 1 100 98 91 90 88 94 96 97 95 86 25 56 50 35 73 72 29 15 4 87 23 31 19 61 85 93 89 92 99 2 8 14 10 9 3 20 21 24 26 32 33 39 44 38 42 36 34 51 53 58 52
geracao 5199: 64 69 74 80 82 78 79 76 75 71 68 77 70 83 84 81 65 67 62 63 59 55 54 49 48 47 41 45 40 43 46 37 30 27 28 22 18 17 16 13 6 5 7 12 11 1 100 98 91 90 88 94 96 97 95 86 25 56 50 35 73 72 29 15 4 87 23 31 19 61 85 93 89 92 99 2 8 14 10 9 3 20 21 24 26 32 33 39 44 38 42 36 34 51 53 58 52 57 60 66
geracao 5360: 64 69 74 80 82 78 79 76 75 71 68 77 81 84 83 70 65 67 62 63 59 55 54 49 48 47 41 45 40 43 46 37 30 27 28 22 18 17 16 13 6 5 7 12 11 1 100 98 91 90 88 94 96 97 95 86 25 56 50 35 73 72 29 15 4 87 23 31 19 61 85 93 89 92 99 2 8 14 10 9 3 20 21 24 26 32 33 39 44 38 42 36 34 51 53 58 52 57 60 66
geracao 6985: 64 69 74 80 82 78 79 76 75 71 68 77 81 84 83 70 65 67 62 63 59 55 54 49 48 47 41 45 40 43 46 37 30 27 28 22 18 17 16 13 6 5 7 12 11 1 100 98 91 90 88 94 96 97 95 86 25 56 50 35 73 72 15 29 4 87 23 31 19 61 85 93 89 92 99 2 8 14 10 9 3 20 21 24 26 32 33 39 44 38 42 36 34 51 53 58 52 57 60 66
geracao 7662: 79 76 75 71 68 77 81 84 83 70 65 67 62 63 59 55 54 49 48 47 41 45 40 43 46 37 30 27 28 22 18 17 16 13 6 5 7 12 11 1 100 98 91 90 88 94 96 97 95 86 25 56 50 35 73 72 15 29 4 87 23 31 19 61 85 93 89 92 99 2 8 14 10 9 3 20 21 24 26 32 33 39 44 38 42 36 34 51 53 58 52 57 60 66 64 69 74 80 82 78
geracao 7663: 64 69 74 80 82 78 79 76 75 71 68 77 81 84 83 70 65 67 62 63 59 55 54 49 48 47 41 45 40 43 46 37 30 27 28 22 18 17 16 13 6 5 7 12 11 1 100 98 91 90 88 94 96 97 95 86 25 56 50 35 73 72 15 29 4 87 23 31 19 61 85 93 89 92 99 2 8 14 10 9 3 20 21 24 26 32 33 39 44 38 42 36 34 51 53 58 52 57 60 66
geracao 8448: 69 74 80 82 78 79 76 75 71 68 77 81 84 83 70 65 67 62 63 59 55 54 49 48 47 45 40 43 46 37 30 27 28 22 18 17 16 13 6 5 7 12 11 1 100 98 91 90 88 94 96 97 95 86 25 56 50 35 73 72 15 29 4 87 23 31 19 61 85 93 89 92 99 2 8 14 10 9 3 20 21 24 26 32 41 33 39 44 38 42 36 34 51 53 58 52 57 60 66 64
geracao 8535: 69 74 80 82 78 79 76 75 71 68 77 81 84 83 70 67 65 62 63 59 55 54 49 48 47 45 40 43 46 37 30 27 28 22 18 17 16 13 6 5 7 12 11 1 100 98 91 90 88 94 96 97 95 86 25 56 50 35 73 72 15 29 4 87 23 31 19 61 85 93 89 92 99 2 8 14 10 9 3 20 21 24 26 32 41 33 39 44 38 42 36 34 51 53 58 52 57 60 66 64
geracao 8643: 69 74 80 82 78 79 76 75 71 68 77 83 84 81 70 67 65 62 63 59 55 54 49 48 47 45 40 43 46 37 30 27 28 22 18 17 16 13 6 5 7 12 11 1 100 98 91 90 88 94 96 97 95 86 25 56 50 35 73 72 15 29 4 87 23 31 19 61 85 93 89 92 99 2 8 14 10 9 3 20 21 24 26 32 41 33 39 44 38 42 36 34 51 53 58 52 57 60 66 64
geracao 9106: 80 82 78 79 76 75 71 68 77 83 84 81 70 67 65 62 63 59 55 54 49 48 47 45 40 43 46 37 30 27 28 22 18 17 16 13 6 5 7 12 11 1 100 98 91 90 88 94 96 97 95 86 25 56 50 35 73 72 15 29 4 87 23 31 19 61 85 93 89 92 99 2 8 14 10 9 3 20 21 24 26 32 41 33 39 44 38 42 36 34 51 53 58 52 57 60 66 64 69 74
geracao 9348: 80 82 78 79 76 75 71 68 77 83 84 81 70 67 65 62 63 59 55 54 49 48 47 45 40 43 46 37 30 27 28 22 18 17 16 13 6 5 7 12 11 1 100 98 91 90 88 94 96 97 95 86 25 56 50 35 73 72 15 29 4 87 23 31 19 61 85 93 89 92 99 2 8 14 10 9 3 20 21 24 26 32 33 41 39 44 38 42 36 34 51 53 58 52 57 60 66 64 69 74